50 200
25 41
8 14
0 13
48 31
11 4
2 26
10 35
23 46
23 31
35 40
30 14
22 39
43 23
10 9
28 31
26 44
13 43
17 25
34 14
37 4
46 19
17 29
42 33
10 40
41 12
40 14
27 45
41 2
31 40
8 35
22 49
26 7
15 45
26 23
26 37
38 40
37 32
47 43
0 23
4 32
11 43
9 30
35 14
13 37
45 20
23 6
24 39
27 21
24 49
34 30
11 7
33 18
5 45
21 20
39 49
6 46
26 4
27 33
20 29
16 40
40 24
16 14
18 5
22 36
24 22
1 7
1 23
33 45
34 16
11 44
42 18
37 44
13 23
26 47
28 6
36 49
18 45
12 2
43 4
8 30
48 6
20 25
7 23
11 23
16 24
6 19
33 21
10 38
7 4
12 26
31 10
6 31
38 30
34 35
27 18
38 14
33 5
20 41
27 20
28 46
41 26
1 4
37 11
0 32
42 45
43 32
17 41
47 11
10 14
19 31
31 24
29 41
42 27
33 20
28 48
7 32
42 21
10 24
34 24
48 19
14 24
27 5
3 12
38 16
44 4
34 40
47 23
44 7
44 1
46 31
21 15
35 9
38 9
13 7
35 24
5 20
48 46
15 20
1 43
9 24
33 15
3 26
31 30
47 13
38 35
28 19
31 16
13 4
0 7
26 13
31 14
32 23
21 45
9 14
8 40
10 34
23 28
31 34
0 47
23 48
44 43
21 5
18 21
42 20
38 34
0 1
41 3
10 30
11 1
11 32
24 36
20 17
5 15
10 8
47 1
44 32
16 30
31 9
8 34
31 35
27 15
31 38
9 40
13 1
3 2
37 23
23 19
13 32
13 44
18 20
40 30
8 38
39 36
26 0
9 16
13 11
25 29
43 7
26 1
42 5
