4999
1660 3615
2758 299
4840 4793
83 2712
3302 3194
3229 1267
1432 4803
2059 583
315 2069
2941 1366
2125 1116
4076 413
3134 4557
1313 1561
1865 4398
1649 3450
4777 1110
2156 1867
2505 4466
1086 169
464 4242
2632 4767
4672 4905
1657 2295
2385 2208
3238 3493
3584 2211
474 4178
4049 2356
4086 3835
2461 3980
3448 2573
443 3111
2774 4706
795 3482
4429 4636
4735 4222
3918 2279
4201 2196
3225 3312
893 3450
1320 919
223 3562
1289 1892
612 1833
1487 55
4108 4555
3917 4309
1575 475
3054 689
3108 1183
2407 837
4082 4261
3010 1082
413 3413
3846 3035
4169 3571
4888 1364
2791 1715
1625 2747
3118 3729
1148 4299
1892 3515
1720 1121
1182 1206
3635 802
2488 72
4487 2067
3439 3239
1562 1669
4479 2196
1056 1200
134 2306
3504 327
99 585
1809 206
2469 4999
4016 892
1258 4883
609 2930
2779 1905
228 1154
1798 4102
2948 1310
4668 49
2167 4055
1351 4107
562 924
4453 3193
406 728
3978 3697
472 617
2215 2581
4159 3160
4063 11
1824 2778
495 2886
4607 4846
1035 754
2378 992
1043 4696
662 4425
3680 4430
1958 3145
4608 2758
4031 1313
3467 4168
1196 2458
384 3635
570 4091
2017 3620
1142 526
3774 3998
4007 689
471 1928
1303 2021
677 1149
1381 1760
4751 800
3543 866
1471 4465
1006 3479
3509 4320
13 3224
988 2381
577 3105
1329 1380
1308 2019
1721 3331
4567 703
3034 69
3987 2908
1012 1897
1461 1898
3976 690
4844 6
3363 1681
2032 3202
3984 3475
2720 647
3819 189
4805 245
4099 1269
272 1542
3721 2958
274 822
674 1744
3944 710
908 3551
2234 3986
3020 2179
2006 4895
4521 3859
4062 1988
1630 1363
3603 470
4635 147
3374 4173
3648 1398
2670 2838
2574 3237
3370 3369
2595 4688
3638 3472
19 4662
815 2625
1047 356
3386 1837
2812 3373
3161 3293
2008 3449
2399 4517
493 3202
2392 2680
866 2351
61 3381
2544 2216
940 4221
3239 4978
886 3975
3115 2071
4512 4551
948 1134
2116 3239
1522 3501
1972 4169
1073 4080
1355 3120
80 2465
3145 526
4614 4963
1165 4886
777 4453
2821 4960
1726 4139
3701 2083
3461 3130
1816 1227
3724 3642
4412 3859
1490 2170
1504 2564
114 2403
3414 3055
4979 3281
1631 3295
604 1104
4650 299
3945 1706
3743 4412
2866 410
2066 3126
4609 2678
4793 4302
3645 3905
744 1381
1529 2826
3075 1426
3489 4517
3947 2774
3284 3676
1066 209
1259 178
370 1472
4447 4224
2690 2959
1542 1882
735 1888
3391 77
3164 2515
3763 4372
1219 2392
1167 2561
2352 1869
2761 2832
4096 4145
2242 852
4182 1880
4112 2972
1285 416
3696 4381
2649 1258
2832 3837
4721 2136
4619 659
371 1487
1334 2631
123 2933
3874 1159
2840 4875
2495 254
4339 974
2024 2434
3510 2928
3396 696
297 3583
3433 4161
1658 929
2069 1336
4820 4112
1799 3015
2890 2236
1750 2446
618 3245
3204 2552
517 749
506 2695
1058 3767
1382 743
1911 2471
2992 4886
1232 1058
2326 1221
1156 608
2426 1318
3493 4181
4562 1463
2599 1733
3700 2286
4676 4607
3979 887
4449 1222
516 2905
73 3075
3808 2732
2797 4029
2494 867
29 3749
3779 3225
4838 4943
718 374
4079 1333
3734 1929
2608 1674
30 4140
652 2804
254 4858
4308 1872
2537 3943
2557 2906
1441 2267
140 1924
3062 4661
215 1466
639 1367
4525 2440
3559 2483
4998 4048
4295 4854
18 664
151 507
4 2138
402 1686
1853 4785
2973 1139
1360 2771
2144 3592
2152 4510
1009 1443
1377 3507
4364 2236
2895 2055
3482 2706
835 3291
1804 28
3995 4635
2584 4052
4758 637
3453 3804
3837 857
280 737
520 3639
1900 2680
3929 850
1711 3997
1298 2959
3378 884
3447 4199
456 2721
3713 886
231 4255
466 231
4311 3986
3761 3226
3067 97
3820 3955
9 2628
1077 4482
3830 401
484 1290
4896 2560
2841 2203
785 3573
2545 904
4225 4743
4085 361
2360 3205
3809 670
3148 1249
2439 1546
3362 3121
4871 788
4297 4938
3031 4639
824 2421
4749 3509
1866 1230
2236 3709
764 941
2562 2031
3857 2423
1743 1086
3948 2802
3617 533
4804 693
3430 4628
2968 2569
1979 3589
3276 4875
3573 4332
2552 2805
1987 856
2977 782
4575 3394
4010 2799
1785 3494
951 4751
216 1221
3598 4277
3873 1612
4208 3631
3436 508
1172 3974
2719 753
219 732
508 1983
4653 2977
4261 180
203 770
4292 4125
180 155
355 3980
1492 840
2769 4090
3662 124
3925 2315
2278 479
1869 335
2118 3805
3847 1161
1748 2698
4180 4226
2239 3332
1229 203
4341 4127
2458 4581
2957 1121
3041 4803
4014 4073
1883 690
1891 4287
152 2706
1533 4705
4327 1874
4174 4438
2136 3780
519 4072
3402 4922
179 3825
4270 3556
1753 4819
4183 2137
3202 3481
3328 4548
2533 3062
1188 2264
3215 1957
932 1876
2723 3686
2892 290
148 2468
2674 3013
2810 1022
2844 3017
651 4177
154 2363
4727 4029
4670 4286
1326 4637
4407 2828
587 3195
2703 142
2630 4384
3890 1028
3981 4262
2603 3684
3018 145
1820 3144
945 662
3283 3658
4851 1689
2359 2804
1550 3985
794 4699
3574 1697
4186 3415
385 4494
1548 790
4229 1843
1207 2505
3298 3853
82 861
4649 2690
2229 1889
2501 122
3242 1135
4958 1002
1456 2593
960 2370
2710 3804
485 1479
1131 4289
2230 3375
301 3394
4462 108
3410 1885
1486 2831
2920 2988
1406 4917
4368 4264
4683 4716
3165 1806
3032 52
127 2522
144 1699
435 1968
898 2613
1967 530
3151 4117
218 3174
3107 200
3778 2551
3070 2401
4092 3644
314 4725
2447 4356
2186 1304
3372 3819
3756 4243
2884 3889
2970 3993
1411 1449
1036 4676
3922 1202
4962 3004
4955 345
2262 4500
1532 4176
457 369
3026 4760
4618 3130
4780 4915
949 2246
3541 3357
4833 2427
2311 2369
1393 249
2158 3970
1672 2028
565 4049
1851 1777
1768 3192
1440 2065
2744 2059
3091 2778
4040 2382
2323 1584
2831 3958
2568 4936
4647 1846
3102 1420
3992 2486
1223 1715
892 2181
691 3614
2806 2054
1397 615
2485 269
20 3805
3606 4701
1264 376
2482 3101
3563 1637
4224 4529
3056 300
4665 3836
3265 868
2151 1850
3963 435
1862 3004
2005 4707
4502 3480
2515 4359
776 2769
226 457
1273 589
2355 4413
3931 699
4762 4914
2001 1063
845 2516
4948 778
712 975
4144 4522
1034 3077
511 3057
4965 4179
3074 3397
1612 2827
2312 2819
4817 1558
4981 2661
2293 1215
4009 4249
4926 4472
2644 1818
1388 1483
2349 4434
874 3236
1013 1485
1549 1562
147 1775
4698 2350
3643 4592
1116 311
1451 4702
4954 1202
2803 4645
1423 2990
394 3770
4394 2467
2108 3047
133 3618
3358 1619
3484 266
3243 1074
1930 2634
3310 1345
2829 4963
1170 2790
4906 159
4760 2031
4434 3413
3159 3151
4788 3675
3564 1169
4883 932
2961 2055
1222 111
642 747
2908 1444
2051 2110
3964 1824
1067 1331
2855 1792
3980 1580
1454 3018
3727 1176
3921 292
4710 4746
1998 4125
807 426
100 2246
4899 264
4102 2627
3112 457
1990 4410
4559 3983
3803 1184
675 1717
111 2859
4218 2634
1904 3046
2217 1270
3550 4821
4625 3924
4148 614
2695 845
1928 587
124 2785
387 35
4043 1857
174 2710
4467 2953
4212 2424
3745 4767
32 2938
2243 3091
2223 3814
3073 3890
3915 763
884 316
1318 856
4544 3376
3567 3885
4100 4538
1938 4560
412 2305
1154 1995
4994 3124
3505 4808
2364 859
4523 2711
2038 1879
4206 917
4841 4146
939 4737
2063 4306
3621 104
4236 831
2927 2695
1605 618
2276 1995
483 1419
935 3293
1943 860
4545 698
4949 1703
4578 793
1952 1273
1479 504
3421 3222
465 2731
2091 4993
1434 3905
1686 4369
1237 3001
2742 670
3210 1582
4226 423
2330 3319
914 228
3101 900
2549 2448
4152 1573
1323 882
217 3434
4951 1904
2932 3797
420 742
463 1299
4326 1369
1328 533
850 0
3776 3234
2475 3081
568 1445
3181 4643
3407 4862
2607 1325
1563 3076
1836 4027
3966 1558
2106 4474
3190 517
4022 4206
4249 3395
1806 3449
2862 1945
1220 4084
1556 4015
3899 2781
817 3014
6 1982
3699 3554
3671 322
911 1081
1703 141
2489 4053
2727 1813
4197 4843
2828 2374
1842 4807
345 4067
59 4260
1539 602
2926 1052
3971 4672
2999 3453
1712 234
728 2814
1114 707
4367 1931
4340 2025
2220 2922
2597 3574
1616 751
510 4424
3659 1342
2412 3521
243 3028
2105 3570
541 2565
2853 4709
3286 4792
1586 4690
529 184
3880 3763
3518 2335
3587 3873
2939 3575
2184 3129
1696 3932
1956 4354
1390 862
527 4209
2601 3327
3083 4074
2786 4488
419 3508
4687 2949
78 725
3271 1478
4353 627
2940 3266
2838 4007
997 1596
1183 128
4146 2807
3733 2796
3218 2291
546 559
637 989
4267 4907
290 144
4828 4081
2226 556
4289 4008
3027 4236
3641 3336
2852 1156
1993 4538
1661 2718
4413 4983
1015 1147
4894 2088
4682 4498
3938 1362
338 3377
4917 2992
4547 2090
1309 3173
4933 140
4020 3668
1410 1294
1327 1758
2842 1415
2325 2736
2739 2040
390 3303
3970 2135
614 4732
522 4910
3133 1897
3477 1587
3049 3181
862 3776
2097 1827
2261 2880
4695 2040
3614 2120
251 3914
2728 3797
537 2063
2209 2364
2675 625
4483 2931
3341 3746
4450 2686
3935 846
1728 2530
4223 3555
1727 2893
2964 590
984 936
2080 969
2033 56
2849 2994
2150 4691
586 2095
4035 4028
4966 4056
1577 2318
4210 515
1357 445
4761 1427
2903 1277
3575 3548
881 2467
1121 1942
3442 2370
3618 445
3789 4959
601 4594
3903 3459
2096 1845
1350 972
1926 1140
1268 4809
2031 4858
4967 552
4021 3431
1889 1205
1132 4313
3072 4639
624 2100
3744 2795
625 1027
1240 973
3371 1612
3823 3617
4422 3677
4657 951
2176 2599
1325 3664
4343 4094
732 2361
3490 848
1887 4735
321 2856
2705 3201
2708 2312
4671 2265
222 2624
2052 2672
1276 4158
1508 3447
2875 1723
451 4318
4865 3467
968 2259
1568 3520
4783 1693
2347 1938
1783 3975
2087 2224
1004 3102
645 1850
3511 4525
317 4781
3633 2214
4689 912
47 4944
160 197
1899 3848
2170 2824
3990 3307
4808 2195
283 2393
227 2709
3688 1884
4173 3915
4418 1821
4850 4815
4862 3704
40 3041
2699 3870
2929 1865
1315 2855
532 3403
1919 2037
1754 3933
3088 4058
1963 108
1792 554
3875 3154
2430 1815
188 1138
103 189
2857 4848
4658 1018
684 4361
4399 4778
3942 4488
189 4231
4477 997
4638 2245
4444 2165
291 4192
3827 4503
1709 804
3090 4277
3122 58
3608 1858
2205 165
4166 383
1469 1177
1730 2128
4930 3603
4196 783
351 3269
4878 844
4743 1169
1786 3990
3732 4504
2357 1597
3821 4050
2763 1653
3755 3151
1571 1417
41 2135
1886 1533
3610 2772
452 3055
741 4241
3065 3640
1528 2303
2396 986
779 2108
3227 4266
896 2441
4088 483
2937 3729
616 2847
545 3540
3706 4647
3394 3416
4499 357
558 2510
2819 1540
556 3223
3599 4123
3888 2490
928 2147
2260 1636
1805 4834
3985 2800
4757 3884
3009 3972
1945 1460
3879 541
3228 3716
2456 3207
804 4352
552 4782
2028 22
2483 1652
1465 3550
3136 3030
791 4216
10 1309
4441 2164
2589 4579
4973 1961
4842 1702
4715 2917
3459 4530
4867 2341
1682 97
589 3972
1125 3611
1083 1387
2145 940
2190 4135
4764 4308
2034 4192
240 2354
253 1672
4612 1292
641 81
3852 1958
3214 2968
2631 2662
1398 2606
1640 280
3306 3567
1837 2647
3158 1786
499 2342
2380 1281
1898 1774
1174 3128
236 2731
2267 1664
999 1845
1506 3141
2444 4715
2807 3009
3561 685
4771 2809
3717 3079
447 1237
1536 4448
1383 3059
4066 1404
2998 638
3851 1440
505 4154
2979 4838
430 637
660 433
4886 813
1430 291
275 2780
3491 800
4977 3866
2442 976
1977 1226
2166 4092
2009 4071
923 1994
696 1973
4430 3564
2382 2235
2466 7
3988 2060
3093 2878
528 1084
1024 381
3385 3462
1968 2876
1235 4994
1860 2489
479 662
4661 854
3078 3723
2270 532
4664 3174
1581 181
2013 2169
1788 2123
1537 4681
3838 2249
2387 1156
3566 66
2697 4842
4686 1389
3975 1984
303 362
418 4729
470 3456
3154 506
307 3725
4156 1183
88 1550
1173 633
2986 4801
3025 3813
3667 3175
3246 1519
265 3977
3973 503
1771 2550
1839 4141
3139 4456
3749 4738
2026 3660
4269 4055
4251 2255
1137 871
3492 2871
141 3030
1502 757
4438 4892
374 3693
3895 4564
3089 1816
2565 1390
3802 3735
455 441
4172 4119
1386 616
3097 712
4480 3709
286 353
52 2296
3634 3434
3613 2061
977 4753
4119 3395
1514 3042
1491 1881
3029 3609
2121 3599
657 2689
4280 3135
4033 2636
2436 3374
1554 1638
4509 4722
3850 2286
326 2304
4685 3824
2750 973
2081 660
3832 2638
698 4105
3105 2600
722 3915
2432 3547
1510 4293
3022 2327
4953 192
4415 1373
1481 3241
4594 3879
1192 3535
3870 2139
4839 2376
1171 404
69 498
4794 755
3458 485
1425 2646
1896 243
4433 2189
2241 806
1046 229
592 2228
1591 2298
1803 148
4897 858
356 2230
4000 3308
4688 4904
4824 2325
146 1271
3524 2765
2946 3562
1109 453
1163 1031
907 2312
4819 4553
1213 1152
1251 1977
4699 2359
104 1093
220 4417
2587 215
549 4699
3843 1851
3866 2124
1312 2099
1262 2238
1135 1036
2462 4082
4589 3716
1959 2848
3782 2997
1782 4252
2046 1732
883 3785
560 1626
1632 1802
2007 1144
4069 4321
2107 1437
1446 1572
3240 1481
324 870
591 1573
2465 3143
1460 1442
1353 325
2776 3782
844 552
709 3575
2804 2915
598 1971
2363 4862
2035 534
2496 3827
3805 2644
950 3581
3982 3372
2101 3072
3748 4429
4848 51
4149 2768
4620 4684
342 2952
3360 3563
4285 864
162 4772
1813 3491
4291 3713
2809 634
4937 2994
1297 1906
692 2053
403 4569
1965 1536
925 2146
3569 2437
4662 3014
2566 4945
3759 4708
1981 3248
1576 3126
1716 1970
364 3747
2687 516
2117 3256
3443 295
3060 546
3066 945
3463 1705
4532 863
45 836
3059 2918
375 4352
1614 2174
137 3493
1876 4019
2523 1152
3892 347
1097 2550
4991 1511
2894 4553
142 4651
838 4536
4859 306
4482 3532
2830 2569
4406 2297
2067 3314
3004 3732
2955 914
1499 4723
2365 786
2478 4494
194 1499
2692 3426
3845 3486
846 3833
3232 873
721 141
3999 3791
158 3772
1330 4363
135 563
358 1178
4474 2913
3644 4749
3123 682
4046 4505
3649 1494
2386 2956
796 652
3722 45
3825 2490
2471 1422
4018 41
4098 1282
4900 4655
195 3171
1513 3263
4645 4288
3406 4397
486 2185
436 2223
1818 4263
3311 3061
65 4379
710 2348
1515 1784
995 1564
2724 3261
1025 4577
875 33
593 4893
84 4854
2689 3324
1942 1923
3926 3499
1511 2631
786 330
2660 4032
2811 3764
4068 4973
3408 3250
2109 71
4165 2596
1497 1192
4527 4622
3315 4388
4103 2209
1973 3
4846 408
4855 2722
1340 2110
2963 1838
3173 1964
3415 3681
1317 4998
2576 3602
3739 1861
4800 4572
2237 1900
2301 1541
1673 4802
2372 3775
4214 938
3301 3959
2904 3922
4898 1667
617 0
1827 733
4268 1853
1266 129
165 3194
2762 4766
610 4302
2555 692
1372 414
3157 65
2195 600
1929 1578
450 1289
627 1442
734 3666
183 99
3523 3792
2048 4128
941 585
3547 3141
1729 3887
3480 2996
2923 2571
783 906
2559 2064
737 2729
2879 2134
3887 2210
700 1615
2628 4717
2463 3280
3898 2928
4504 2359
2772 1318
1269 4367
3179 4534
3393 2101
56 3340
1694 4697
2800 807
4879 3668
1559 922
4321 4040
1358 4422
2124 4787
2746 2496
2556 3380
1336 1319
3629 960
2055 1607
3868 1050
970 1106
122 2922
444 4039
3208 1751
2361 21
3332 67
1151 935
1825 1997
2406 740
3500 250
2247 4045
4724 4996
2155 838
2909 1182
4072 3446
690 965
448 2227
3472 4849
689 4239
1495 2743
4336 4519
4814 2129
1092 4094
3432 2384
2881 2582
1252 1637
3784 4707
2818 4337
4360 3448
4534 4078
3087 4844
1051 3898
1800 2362
2569 4985
4959 3840
3450 3829
2219 1505
1734 4145
3476 1395
257 2952
4190 1427
4580 3572
2951 641
310 4143
849 880
1090 2095
3889 446
1033 387
3273 1522
4790 3460
3844 4870
1913 4005
4716 2022
3954 84
2321 3604
1433 2001
1723 839
2044 942
2343 1617
1076 1445
4693 3220
561 2701
3551 2644
3013 1195
2235 4612
4460 4804
467 1583
1834 2744
4526 2169
2341 1292
4110 2748
4055 1063
95 3292
2454 411
931 2326
1646 1825
646 1180
250 943
2620 2816
4892 2600
1184 1217
4621 4551
1901 2078
3426 4338
1061 2949
3209 4070
2294 3764
2368 106
4744 555
1667 1729
3219 736
894 2785
3522 2957
2179 4507
3529 1823
2472 4257
3169 2729
4246 1329
3655 1138
4603 440
2733 1253
1732 3777
2983 2488
1518 1998
1074 4833
4134 1629
1609 2173
1002 390
3856 1113
1369 1505
1572 3007
4863 325
2683 3095
4389 2518
2157 1917
2245 536
2354 3578
3086 19
2567 1874
4266 1240
3212 2592
2616 3428
3549 2668
2582 2746
4161 428
1909 400
3994 1918
1371 4727
205 103
4565 2184
1706 409
885 4161
1209 61
542 746
4740 4793
2317 3470
3100 430
4660 1282
2309 1047
1023 4876
2561 3329
2673 2119
2196 4810
4728 3470
4742 75
4283 1707
3383 3670
1404 304
4125 4704
915 42
2585 3022
2640 4968
578 321
2146 2619
2877 3021
377 4506
3876 1728
3533 1147
2201 3368
4309 4880
745 4436
4494 894
92 2924
583 4078
4440 2711
3473 4966
3222 2027
4120 4827
622 3900
1030 4665
2299 2366
1476 3987
4748 2917
4470 4796
1037 2790
305 4572
4457 281
1645 4004
2305 2171
2133 3609
4586 2058
1769 1027
1189 4357
2455 3548
2627 3570
1003 4166
4176 961
635 3690
4643 4761
2910 4521
1458 3731
2060 4239
3137 1240
425 4458
3401 3516
536 1350
4127 3544
3545 3268
4656 643
4617 3892
1766 722
964 4476
4101 1658
2954 1339
963 1776
1301 3602
4518 509
980 3728
4558 3993
550 684
4873 1464
2138 3724
2064 4344
2344 2742
2180 4336
1525 3162
987 4554
3249 4112
1102 2544
1871 1127
1212 3081
531 831
1925 1643
3395 2763
2936 3776
1284 451
2613 291
3324 4405
2002 2076
27 3432
1588 4922
771 4728
98 896
3652 3248
3588 4380
4493 2900
3294 4448
1527 3888
3299 3437
4136 4512
3833 2678
3590 3166
1293 2845
1843 1482
1755 2171
1140 4451
256 2840
4042 646
487 4130
2645 2862
3152 715
4143 6
686 3958
2014 1018
3196 4324
4202 1055
3252 2646
1368 3942
746 1422
983 3380
4472 4939
96 769
431 4670
1157 2645
4078 3663
2093 1235
877 574
661 4207
2814 2484
4912 3093
3682 3000
3675 2124
3501 952
2722 4354
3919 185
67 1070
4445 1227
1374 3621
623 224
1996 260
3585 1516
2224 1523
704 1071
4304 1924
4039 2587
4574 2876
4942 4647
1882 1304
72 2155
2917 1581
596 1954
4401 1830
1333 3406
992 4319
1852 4522
1180 2779
2076 119
3337 3028
329 1506
2222 1893
1197 3242
112 4839
3221 4890
1949 218
3913 2607
34 2960
49 1030
3882 4120
2789 1946
2130 1859
1256 2003
958 2406
3030 4344
2874 4228
4275 2578
1592 1769
2120 4353
4461 2413
4733 3812
1543 3824
1738 4989
3163 4891
4563 3298
1387 2625
2531 2449
1960 2068
4475 4439
1509 957
1908 3524
2199 2945
864 2892
4377 1823
2502 2268
3801 4962
1370 4651
1095 3109
1884 936
3449 1421
3817 2969
1021 1065
4854 3505
2324 2330
2413 1149
673 462
3185 636
1449 267
4511 794
1175 1979
1779 397
600 1148
2177 3160
3184 2769
1874 3538
392 4950
4235 622
2985 1854
4604 4962
2327 3671
4629 3357
3810 2305
4213 1953
4277 4717
4734 3337
4052 480
3444 4799
2202 22
3429 2659
2732 427
2084 1297
3028 277
818 3981
2248 2548
3061 4698
3452 538
3053 3388
2558 4885
2451 4860
129 3113
4001 3306
3412 2275
1361 3265
1516 4351
1523 2043
851 2847
3289 3240
2847 4652
3019 2432
1697 2288
1146 1735
4593 1778
3361 3501
2671 968
1416 2385
2780 4491
1246 2725
181 4373
1480 2808
2112 2792
4858 1941
793 647
2197 815
294 2803
3481 1073
4164 705
2374 3755
757 2898
3373 3321
959 4140
1081 1759
496 128
1147 982
2039 3738
774 364
524 512
3048 1864
3515 4826
1103 2022
2434 4020
1119 1325
3327 548
2419 1034
3055 2862
4398 2692
821 4588
1378 4968
3783 1641
4490 4813
3602 710
4786 3073
3977 4445
2714 3532
1133 4665
3709 282
2740 2712
2541 2468
3147 3495
2486 3227
4799 2719
2353 2291
1718 4447
1580 322
4177 3361
1200 3535
1864 1218
4205 3170
1099 2008
1233 2696
1531 2070
380 1306
2974 4183
4432 361
1868 2304
3191 80
597 4355
2356 4085
186 1581
1961 1626
4385 1386
2072 1497
292 1546
2373 4434
2945 2075
2282 2713
4038 2202
74 1975
3389 2825
2588 3351
819 1012
4659 562
120 2535
2782 1140
4648 3580
1966 1286
3262 3904
985 2595
669 2175
1607 4143
4302 3627
2989 3935
3718 1844
1702 241
3350 318
2065 3378
308 1242
3656 376
1408 3083
2304 139
1897 3215
2129 399
1292 3898
4150 3150
3007 3320
2134 3564
1797 2485
2440 2554
2289 3541
3254 2696
590 3580
720 1000
2047 3910
64 1210
4690 2797
136 309
3517 1713
4318 729
4849 845
910 4859
2816 4511
4813 421
3141 4367
2947 1340
3044 1754
3568 1317
75 4183
1538 2663
4803 2103
1599 4592
4258 1482
4428 2310
1569 4311
1082 1833
2668 1511
2639 1729
1596 3111
4881 1453
4037 2833
3572 3787
902 1710
882 1957
4130 1187
3746 2539
4703 1172
1579 835
584 1279
3431 4602
1286 3537
238 247
285 4827
4074 4197
2783 1571
38 1844
2346 3439
4128 385
3149 72
4219 1955
2253 442
4371 4185
1468 2693
4369 729
306 1892
615 3266
1664 4731
473 4226
1438 3931
2839 2933
4115 3147
454 2178
739 642
2414 2749
4551 1652
2694 3346
3175 2691
4590 1772
3438 1414
258 3321
1583 3671
2473 1582
1405 4408
4843 763
175 1832
2655 3397
2194 2516
3251 2268
2995 4409
2731 3176
2757 3884
3693 4656
3068 2610
2417 1817
3008 4227
3863 351
4847 1498
3384 3467
3445 554
944 3315
1177 4225
2686 774
1437 2470
1969 4571
4106 1513
1249 4698
708 4749
427 902
17 1028
1068 780
4307 4372
1348 239
909 4562
2433 1068
1895 2276
1777 2357
2767 1415
311 4085
4264 1236
4330 2583
2159 4550
3434 638
647 4030
3353 3147
4365 2353
1138 3391
2717 3190
2943 949
3417 48
1084 733
2665 3970
2314 799
4094 937
676 402
4861 4951
3296 4552
633 282
2617 3840
3622 1685
1747 1735
229 4574
4002 1971
4471 2640
4244 308
93 2000
3623 524
4286 2828
3099 3657
1160 1648
4581 926
1560 2296
792 2559
382 3469
4221 1894
503 3374
3766 2290
1994 93
3479 2113
2679 1192
3953 3600
1587 537
1443 3900
4073 1595
3577 907
1241 2219
4162 2173
526 4275
1270 4859
548 4590
3601 560
3560 3653
2604 2200
4463 1709
3697 3029
1652 2383
261 1478
2618 2155
2149 1093
191 4461
3245 2175
4701 3531
4691 656
2798 2218
742 1675
4528 3087
2370 1412
3519 1015
1263 1616
4118 1053
2885 24
3278 1276
4382 2202
855 2316
4193 1765
3794 336
1759 2417
3248 4127
3912 357
3180 3583
714 3285
1412 4750
1946 4070
325 4476
3465 2865
3267 2271
4056 1234
1598 3816
1999 4706
4882 1393
2415 4999
476 3311
101 4205
4299 2374
4630 3656
766 1769
1185 379
284 3868
1032 804
1867 4825
4361 4289
4782 3649
1341 3319
462 126
2843 1788
4332 4918
1128 1166
975 4914
1623 536
1597 571
2984 3815
71 1538
1600 1217
3336 4435
2614 1706
313 3069
569 4824
1277 4315
2796 1514
1275 2459
2377 4337
2115 3885
2510 1270
634 1042
1610 3608
155 4341
1442 4218
1775 1247
3160 2401
3260 3112
1940 2990
4595 3108
2736 133
1995 3423
196 4520
1796 4074
3451 2112
1903 1015
1653 1051
4876 4317
4175 3492
905 1334
4015 1338
439 3344
3646 4190
4204 1758
4585 1797
3247 1610
4306 3118
3399 2929
3908 1940
1962 771
4247 3828
3464 2479
2441 2190
3486 2159
2400 2749
4122 3106
2529 4121
4325 4571
1373 1234
3826 1374
1280 3582
2706 3309
4263 4810
4446 1647
1302 4105
3188 2730
1744 2667
3314 2677
2868 1178
4909 4817
2281 171
2153 315
4473 842
4628 1372
1190 2139
3295 4218
2427 879
4781 24
3842 4713
4274 3255
4541 947
3946 1773
603 2601
3737 31
480 2159
1218 3000
143 134
998 3995
2688 435
3867 4892
1971 2016
4935 3616
4151 728
1176 2323
201 124
128 4461
2648 1064
4884 2779
4832 3938
3331 1936
119 1090
990 4373
502 3827
719 2936
3841 326
654 1784
724 943
4718 2981
2650 2410
4435 3235
1063 1846
4874 1454
3764 186
347 1905
3527 358
4908 2879
53 2544
4636 2450
4918 2298
1975 801
4466 960
255 3678
4059 1102
749 67
620 1493
3400 1401
2162 3039
4569 3759
4414 431
967 491
3940 926
3313 879
68 4847
3121 880
4024 3187
3684 2946
1299 4684
573 2195
3930 4089
2481 4371
752 1278
3039 1649
2966 244
4802 2415
1683 2150
1985 3662
1810 314
585 4783
4142 4048
1494 4167
3178 3287
2021 2960
3962 157
4452 3732
378 1560
1239 2043
2132 4829
3334 3890
3751 1009
3668 2844
2684 3967
3277 3190
681 2400
2550 586
79 2730
2919 2664
4797 3230
4577 4286
1670 1387
86 1087
4573 4935
4717 2589
1668 4642
1354 1816
799 4781
438 597
1419 4983
2000 4976
830 775
3754 2222
2815 4011
4925 764
2826 1020
539 4750
760 2797
1849 447
3317 3346
4305 3211
145 323
4634 1884
3329 681
395 399
2543 1858
2799 793
2393 3586
1983 3080
3390 1608
1311 4493
3818 3328
3416 3042
665 1477
3366 4124
4531 4835
132 4828
2345 2686
405 1804
2997 1893
304 3754
2636 3686
1770 1834
1740 23
1101 1716
852 2270
4616 1780
1247 458
3546 2393
1778 4838
2476 4043
1071 3513
4517 3531
2250 3762
4696 4249
2020 1510
2206 2323
4281 4736
2854 2402
3920 4024
4189 4677
3207 4215
1520 3831
363 2682
4384 347
2856 4520
4976 4573
3186 2030
3380 172
3720 3593
1763 2775
991 2249
3234 1485
3762 1303
1737 3269
388 2213
1158 213
2680 1540
4726 1312
3322 81
66 2953
1650 1927
1677 2829
309 4821
4702 3711
1604 1032
2114 2504
3051 2502
1307 2961
4089 1013
3279 1005
4741 4465
1988 549
23 2449
2753 4948
2681 2881
3571 2651
2915 4297
2379 1684
789 220
4712 2614
4885 3872
1314 557
1636 1965
3166 3070
1093 3294
1104 3225
2526 4375
2041 3060
4738 3402
3117 2969
2074 2666
4700 3693
1544 1517
393 582
534 2758
4227 1127
1028 1409
4556 4327
4459 3959
2922 1142
2185 910
1736 4931
97 4257
247 2006
3877 222
772 126
2913 366
3911 1248
4140 2920
3854 3156
4732 3105
2747 1531
694 2723
4095 1704
2389 1782
171 2859
2540 899
4355 1379
2077 354
3397 3618
2200 3909
1078 3612
4768 1551
113 2082
1619 2073
4519 82
4203 3142
118 3490
3742 426
1257 2841
1294 3073
3894 1757
1474 1885
401 1084
3422 3278
3883 535
515 44
4349 2138
2564 1887
4639 432
4154 1454
4713 1254
3685 1961
1199 1348
343 3838
1409 4467
1877 1848
3142 3263
4597 4820
2547 927
1011 514
3312 4843
491 2398
4025 3401
547 3210
2988 4245
4272 1320
3905 3099
841 2881
263 4138
3576 248
477 1525
602 1470
2086 2520
2741 1609
2590 4693
3792 4916
2142 4132
4006 3516
1295 4876
1787 1695
979 2556
3691 1711
3728 3037
4030 2560
234 2451
4674 3238
2214 3289
1010 3335
4776 278
800 4857
2577 3107
2285 1344
2480 4769
4801 951
3303 4101
994 2232
934 3519
428 1568
2122 181
4105 4262
829 4975
1684 1588
197 2523
1881 3497
4468 3922
2865 2239
1654 1498
2487 3550
2702 697
989 1696
3046 607
1546 1798
1570 2653
2266 4462
1545 2918
1426 2013
4238 3317
2622 205
2521 156
2280 2113
4253 1755
3045 1586
1403 2240
4362 1618
831 2672
2629 3547
1079 1944
3038 2993
3828 3688
1733 3853
4012 903
2609 1774
2172 3477
3871 541
1366 3312
4117 617
4027 2122
4583 1621
1214 2349
2259 4577
4750 2149
1698 2843
4442 4664
4288 281
840 1495
2666 3529
1582 1538
580 1794
4506 798
4835 4633
1944 2701
4681 1168
1050 3694
3220 2351
1695 1383
4626 453
2425 994
4003 994
4314 1038
4036 4835
3768 4090
1741 4453
4982 140
4081 2921
2598 3233
2899 3254
3849 2887
1794 4432
2677 454
1890 4645
4610 4388
3831 4141
4097 1983
268 4341
54 1628
4719 55
3040 3155
4960 1042
4464 4954
3103 3964
4329 3340
3694 1481
832 3927
1226 539
1248 2011
4931 4507
1848 152
1669 4075
4868 4685
4071 2054
4666 3328
2113 2122
567 869
1417 4260
551 3991
2960 4444
784 3696
157 1083
770 821
854 11
2446 4159
409 2229
3665 2898
2025 1742
890 2098
1951 535
1316 2367
733 1523
3916 2455
1608 4618
4901 4146
3612 3097
2518 826
225 2868
2188 3845
3419 3559
4250 3632
1776 392
2638 691
2897 1155
4745 4227
210 1425
3494 2294
3168 1697
2514 4443
748 1647
1984 3033
2351 847
1914 1556
2507 2455
4354 4219
2042 938
3125 2745
4129 4232
3951 1969
3578 364
1245 1064
368 4745
3058 4107
713 2597
3604 1355
2493 3358
2252 2852
2043 768
369 1970
873 3595
1921 2997
3582 3928
3211 1806
1455 978
4555 3833
279 821
4392 2590
1000 4331
1584 2788
70 3375
2404 3674
876 4470
1639 4559
2318 895
3674 4153
4374 4247
523 2673
1346 188
4972 2245
806 163
2411 3235
1982 2376
4970 3893
687 1904
415 4877
2778 3119
1428 1708
3082 4356
2944 4795
4319 3518
809 2900
2987 4660
3132 4539
1602 1725
582 3578
1830 438
1627 1877
954 3667
2140 915
1789 2023
2036 3629
921 270
4763 2537
51 3509
1287 107
4347 2570
4552 4559
3793 4278
4411 3517
1362 4358
1091 3407
2292 3102
3096 1766
1244 3759
4860 4585
2477 2508
2279 1634
2348 4762
740 2021
2788 3137
3496 473
2886 519
1957 3780
2805 1739
1115 2512
2227 3227
461 2603
94 1839
3855 2817
2307 4748
2189 2052
3508 1429
4458 392
2207 3429
426 1466
4845 1255
184 1747
4469 1089
2634 1597
2956 3182
1193 1820
1041 3985
182 3264
2625 813
953 3228
259 3790
775 1812
1105 1813
2553 1929
3627 4479
399 4225
4890 4170
4611 1339
4337 3657
1991 882
2534 4051
4587 2077
1840 3883
3516 815
298 127
2845 3715
2083 3496
2208 3411
1291 243
1885 149
1130 2528
2949 3120
823 498
2586 2986
3050 2970
993 76
3506 3769
982 1117
4588 4463
4500 3952
1589 1159
2902 1854
3000 2762
2882 2104
2889 3979
4486 2269
316 2287
1719 978
3457 4548
1873 406
656 2578
2716 927
320 2902
1685 1934
2397 3484
4679 1193
281 3403
2403 4736
3690 892
4300 1599
2319 1530
4378 3851
1343 4163
2524 4049
4273 3585
1221 4976
1253 1023
4320 4299
3116 984
1500 3360
2450 2150
3660 3228
404 4423
4652 2341
4423 4586
2410 1495
4821 4797
4248 1537
865 2525
37 1902
3583 2892
102 79
3156 1603
3705 3441
2335 1992
1574 812
4952 873
4946 1543
2148 3825
4417 2760
1384 2375
2423 4943
1863 776
837 4634
55 789
4044 2256
2119 4318
167 4150
4692 2814
3579 4381
1042 1590
3636 1899
376 4222
2123 2032
3747 104
1678 3307
3952 3870
3836 4351
2850 3533
3936 199
2037 4158
478 4304
4109 1022
891 2425
1149 3246
2143 3354
1656 3414
3730 1994
2484 2105
2749 2746
4852 4715
4561 4545
4233 1098
1715 461
3281 2346
1992 4348
1707 384
1044 297
4916 4905
1773 2648
3033 3663
4697 2423
2942 3090
2935 3043
4373 417
1795 246
1724 4217
4792 1606
4185 493
1790 1714
442 937
1127 1289
4284 963
608 4727
1964 2554
2271 2839
1208 3140
121 4863
221 3558
3869 4139
2210 4060
1535 3173
3270 4658
333 3916
3769 4379
3316 571
1122 4772
767 4355
628 4265
857 2333
1927 2677
1642 2830
743 1378
349 629
3143 572
4872 1764
2390 3233
920 772
150 2864
458 2603
4448 1402
4503 3949
933 271
3379 3941
1626 115
3258 1346
2090 3107
3235 129
1757 1545
2546 3294
1453 1714
4215 3569
899 3842
4133 2853
166 4880
4395 4658
2704 3351
1017 3106
1519 2418
926 290
1688 1351
3824 170
3932 472
4729 1600
965 2846
1941 3033
1905 3949
2030 4420
242 3178
1201 3690
2171 697
3005 1188
365 4888
1260 2726
2612 1380
4171 589
2982 4623
839 1366
4989 1512
4725 4443
2291 1403
717 1645
453 760
4060 508
3440 2688
1916 2897
3349 1207
4220 2436
3972 1455
672 663
682 945
782 838
3197 1955
504 1604
4598 2982
295 1856
244 4357
192 4042
2181 2937
2268 1568
2530 1648
4564 2369
4451 3353
2669 4694
912 2869
4507 3714
3512 4330
2602 3070
2735 1920
2693 3077
4530 1959
4592 1794
781 2624
3364 4883
3308 4879
1893 266
4243 1332
4331 1718
3205 1166
879 989
3816 525
1181 4733
3323 1963
544 2575
4132 2897
4163 525
1551 597
2273 275
1629 2617
3079 1453
3405 2743
273 3794
797 1118
2274 182
2139 2627
3144 833
3624 4382
2573 112
4997 1922
3531 3195
3741 1256
76 2281
3223 4633
1833 1357
373 2117
2401 3714
1420 970
2520 3826
1057 992
859 1220
421 2555
3526 2507
2656 2587
521 3229
4778 3084
2871 3447
2254 4669
1615 2685
2203 3990
530 355
4869 2618
361 502
3991 740
3581 3093
2322 1684
3198 2126
4416 1451
2383 1460
4439 1465
827 8
4709 4320
3632 3468
658 2987
1742 3565
3425 436
930 3074
1415 2276
110 118
1439 3036
199 351
1379 2287
4929 3895
1335 2384
711 2248
2191 311
1195 1623
1781 1615
383 1655
1363 1389
3376 93
2981 2089
3201 4322
4568 3330
57 3365
248 230
4956 3384
1478 3928
3902 2243
159 2058
1558 1251
1739 334
1168 1859
1920 680
3423 502
3282 2186
4651 1887
1505 1420
1310 1488
4026 2720
296 3145
500 3991
4390 2386
828 2524
1296 1781
3663 3246
4880 4709
2402 195
1989 2222
1978 4035
3686 3291
2934 3484
4147 1981
2990 1328
4599 1991
33 1749
1141 4284
1070 4080
4126 3595
4047 2003
2888 4349
2517 431
1618 218
28 1710
4940 162
2878 4231
3538 657
3961 568
211 1246
2358 117
2449 3421
1123 3304
1364 8
1332 4176
2 2414
3647 2563
2405 3695
3965 2967
4969 2765
1179 1088
4350 808
4515 3405
4387 512
4427 1852
2367 4272
2275 1956
3862 1224
494 3661
352 4018
1322 3672
2766 3739
1613 486
153 3712
4766 1959
2817 3722
2978 237
449 461
1198 3587
3521 4111
1676 4403
4400 1428
3150 4295
3853 3288
4228 999
2925 4269
756 4579
397 3433
2522 2104
1760 2216
2657 2591
2089 4832
725 20
969 2390
564 4920
2016 1409
3605 481
3673 1642
2339 941
3381 232
2824 4746
2860 2874
1855 3983
3881 4638
2808 3517
4032 3619
2421 256
2492 3676
918 1791
24 2105
2277 3479
4013 4897
3195 57
2820 984
4091 1771
2775 3957
4198 4433
3377 1146
729 972
3280 4729
648 4307
3777 1324
4488 3549
4067 4020
2027 2750
1108 2934
4831 2499
1821 2240
4111 2469
878 193
3781 520
2563 4652
4075 588
2581 613
3471 1308
1888 2251
2099 572
3176 3316
4904 3295
3865 3923
814 2070
1751 3823
3858 2451
1565 808
391 4396
161 417
2511 731
245 4702
986 4820
2012 3934
187 177
1611 2992
1912 1518
4123 2818
913 2849
2755 318
3354 3012
4770 380
4513 1827
3344 3482
1910 4390
2257 3655
4550 66
4455 942
4070 3821
3307 3324
2729 3113
4376 861
2969 4603
4720 537
1477 1053
3548 3350
433 3302
3230 4935
4211 1631
3704 4384
1880 2060
2952 4939
1060 4002
4153 3520
3126 4212
108 4445
4181 3468
4514 3673
1473 3465
867 2301
4705 1836
697 3100
798 2388
1126 3930
4431 2510
3904 2137
2685 4230
230 4924
3114 215
822 3745
4957 3608
2437 3241
1540 382
327 123
4907 3914
3272 3175
3 2116
62 539
1638 902
3355 201
3259 1766
3080 3067
707 2552
2173 1297
3081 3505
3989 4841
90 1797
1872 3143
3155 557
4774 3974
4065 1795
4315 3365
3206 1852
357 3619
3146 4621
109 2186
138 2463
4993 3640
4328 3710
566 3565
2876 469
264 2085
4357 2194
4986 3664
3591 4687
956 20
2837 4774
489 4840
2918 3926
2225 4447
4420 1239
1828 4468
3187 3821
4992 2418
4922 769
2571 3809
2777 3386
4245 465
906 1947
621 3428
3387 4122
3791 4611
2233 2395
4239 4904
1162 3341
962 2950
481 1719
4830 2087
3357 4839
513 1376
7 3092
2619 852
3891 1855
1134 1958
2504 3308
3934 4958
2835 3953
2313 603
1752 841
3773 136
2869 3844
2302 1879
4520 4542
3497 2525
842 3817
4522 2429
554 3288
3483 158
778 3831
2445 1265
2822 2735
1835 4974
2542 1463
919 2358
4964 3282
2626 3650
2846 2141
4632 3218
1026 4046
1113 2870
4242 691
1344 4067
422 4653
860 1125
3466 3240
1936 1913
2075 836
344 217
1832 1102
2641 990
208 4785
2647 3421
607 1362
3796 4047
416 2878
900 4118
1144 1834
3495 3843
359 3337
4454 394
3974 3094
653 2707
2287 3234
2498 3892
4484 1932
863 2965
4739 415
2141 645
4566 2041
3124 4503
1578 1391
2443 741
3138 3878
334 3566
3263 4003
3411 3087
4396 349
2338 4600
1846 1709
3708 1074
4706 561
4207 4036
22 4836
3237 4526
4722 4800
2050 4130
788 2850
3677 1343
4627 4751
2310 2239
3893 4697
3427 2458
260 1727
4278 2681
2792 2763
1725 1968
2375 1985
1001 2598
4875 4762
509 2840
1498 3091
1064 3878
2967 1630
1856 1338
232 2483
198 82
4540 3725
1040 3792
1094 2684
2094 1513
2548 3765
4241 775
1710 977
4348 4103
1376 1751
4333 1496
2965 1054
2759 1401
4811 3978
3224 3810
1281 3925
3335 4008
4114 3742
3255 922
936 627
3300 3700
2371 2837
4116 3888
3352 2637
1096 367
1206 1205
810 371
4443 3757
3356 1078
1283 4797
2570 4430
2258 4428
3859 4154
2244 2789
389 2681
3525 1483
2468 3002
2980 1475
178 3012
2773 3724
3885 3392
2174 2076
3620 3076
790 4168
3719 4861
3950 3644
386 1963
2962 678
3750 967
2183 1474
659 3459
4131 4413
16 1354
337 3129
3897 737
3170 2592
3346 3089
2448 2078
1844 428
1421 85
4615 4768
3287 4657
2994 4438
4961 2716
1288 3197
4536 34
3910 1308
1950 2018
2676 3297
4633 1906
3589 2636
2833 456
3172 3282
3441 1266
4160 1172
2154 3138
2329 159
2730 1186
43 4789
670 2907
4282 3244
4158 4173
379 3020
2263 1606
336 2986
4694 582
58 2243
26 835
3231 37
340 301
331 3871
1217 3937
2169 975
2023 3276
2058 1374
1561 1678
3428 841
4391 3446
1628 1118
2111 2397
3786 493
1705 3058
3485 4075
4187 999
2696 4649
1793 3927
1159 170
2218 3770
2306 1928
2698 4629
501 4170
2290 1040
758 4964
1038 447
2712 3944
703 2502
3731 1676
1139 3086
1186 1992
408 4167
4476 1945
2734 296
490 1733
2519 2355
2615 3280
3333 4390
4404 611
116 4986
3047 1435
1675 4774
1847 2836
2976 658
4919 449
3002 3867
3848 534
726 2350
1772 1678
1475 1188
3552 1569
924 3611
2900 540
1689 2377
1634 3189
2062 1673
1665 1496
1845 1239
4731 756
3906 183
173 184
787 2057
3723 3645
1915 3067
3840 4201
4877 4242
4141 2231
4372 3100
4787 768
870 4403
1349 4343
1731 1044
4923 4650
1643 1900
2785 2936
2726 1062
130 3032
4887 3009
3217 2698
4613 1838
2503 268
3435 1162
1850 1123
1641 2440
1203 3473
2653 1673
1493 1142
738 1502
3607 1132
322 646
3092 3819
1065 3065
2079 3771
803 3694
4542 977
2500 1436
1319 2484
3250 2883
3556 4624
1606 4012
754 2899
4928 3158
973 4992
3413 414
751 2000
3037 4721
2264 1987
2240 3110
2527 4134
3795 2630
4023 1199
1566 2345
172 929
1878 1363
2095 1782
4005 573
4987 2314
825 2517
1802 3488
4397 3097
1939 29
4265 4678
3478 2591
2972 3791
3319 2505
2298 2099
282 3137
1841 971
4276 2096
4019 3752
813 3747
2331 60
2283 40
1457 2811
3670 1220
2911 4126
2491 2438
3798 2056
1118 1288
2193 2072
2790 3612
3309 2011
3487 3494
2928 3316
1791 2030
4606 2609
4080 1915
1784 1565
3291 220
1225 1576
1512 4603
3625 2643
4934 4678
668 3096
3244 2410
2499 3177
761 2909
903 932
644 1545
1637 1444
3200 631
1215 608
868 4920
2916 4814
460 3777
269 4402
4370 4376
1624 4852
262 4510
1161 2791
63 4521
572 2212
3653 971
5 4595
538 3109
1594 3003
2088 4906
1662 4086
1365 1952
3594 3739
2652 2254
3829 2937
3592 614
3514 188
759 2475
4622 1262
2858 624
1541 1604
1007 4418
2071 2938
946 274
4491 4692
3679 2617
731 4926
2535 4990
4257 3929
3293 4586
2975 4369
2366 4495
2286 1154
3409 1300
2611 1918
4554 1317
2765 190
1271 99
2316 1561
2408 3925
149 1674
3063 2143
2623 2894
3015 517
1385 2934
769 2750
685 2259
2438 3642
498 4688
1620 3354
2249 3192
2429 4573
1496 3537
3094 4425
2100 1522
2182 3848
4675 2119
655 1814
2512 3683
3654 2102
833 465
31 70
4641 1171
3785 4642
1746 1019
440 3243
4199 2792
3398 1956
4975 4915
1306 3415
702 1613
4785 4102
2164 3707
3011 4118
1923 4874
3182 4297
559 789
3288 3704
1375 2230
4124 2567
1039 1818
4866 2486
4053 3790
4773 3967
2070 1739
2707 3606
525 1146
2784 4331
1617 1986
3064 669
2880 2297
3609 1085
441 2034
4810 161
270 695
3711 583
888 4946
2053 4097
765 3588
4057 3177
2056 857
3539 1549
2715 4319
4529 1379
889 3281
1756 1934
3077 3148
952 2641
77 2165
87 3916
4677 1448
353 4719
2040 4454
1463 139
4489 3287
1216 111
445 2903
2340 4591
2029 4144
3167 4693
4769 4382
125 484
4419 2090
4191 4472
1955 4611
4600 1798
1801 1562
3811 4068
3770 4245
3593 4370
276 4100
2045 3518
312 4593
2490 2151
3959 1724
3321 265
4342 1072
848 191
2756 2100
1819 939
4425 430
4707 2063
3996 846
11 4540
2896 1830
3715 1476
2103 1348
2787 3215
3021 2755
300 4272
3330 746
2231 1105
2394 1301
3681 307
1947 559
4571 4993
1601 1966
629 4743
3455 169
4352 2546
2315 3213
1392 1043
3274 3267
3753 4864
2914 3607
3424 4738
414 4617
3900 4060
3788 16
3554 4280
1838 3674
1347 2623
1228 4742
4456 3356
3886 4712
1937 2993
1749 1346
3901 2131
2691 952
1507 1896
42 2702
3555 2507
4684 242
716 981
649 151
4546 1326
4560 4199
4753 236
1691 106
4941 1073
3790 442
1338 2956
193 338
2864 3999
2528 3627
1922 521
3528 1910
631 709
3969 3038
2861 2728
2165 3124
14 1212
4496 521
497 1696
887 2087
1472 1301
1555 1111
4155 1256
3140 4116
1342 2016
4028 2036
3914 3086
1700 3717
3861 3850
2420 903
3558 223
3780 1126
4538 753
2870 754
2391 3976
2993 2865
2337 2361
4510 3944
4157 3407
3174 2013
966 983
4209 3083
2128 4120
3382 366
871 2923
1243 4848
3927 3391
3403 3530
2395 3453
156 1947
4853 2492
1143 2005
3967 3059
1906 2232
1924 4383
4939 586
4624 497
207 4241
366 42
4179 4677
2924 1953
4644 1771
2110 306
4736 1246
4963 2015
1953 2914
2497 4333
3702 2584
2768 1371
3834 864
3043 4411
1194 419
666 4576
3507 3237
3544 62
1521 3485
1552 3052
2898 4505
3557 819
50 3179
4335 4609
4944 802
3338 2019
1534 1861
3939 216
4640 185
2054 3021
1593 4741
640 3908
354 2224
2019 2228
843 1237
2127 4335
4889 1034
2834 63
206 3182
2135 4608
3878 2389
2221 2292
328 1258
2422 2742
553 328
4837 3912
1986 796
1467 4288
2073 4627
4481 1973
1106 3383
3268 2596
4779 2727
2011 62
1831 622
1136 3122
4294 3422
1052 4016
927 4463
3111 4044
4029 3436
2794 283
2711 1767
3800 492
2813 4667
1053 4317
1027 1186
1557 2965
2418 2472
2958 3474
469 2413
4424 3940
4834 1899
185 1122
1435 1303
3736 10
2479 1553
507 2632
3131 3613
2752 1233
1701 2835
4346 832
2867 4897
429 4229
955 3681
2015 2434
679 3221
514 4887
4436 982
3305 796
4913 2447
3042 3230
25 4391
3760 12
4988 1847
2003 1334
904 4530
1811 3798
943 1283
563 3458
1774 1980
4789 3911
971 2235
4924 450
4902 309
2384 330
595 1365
3565 3837
1948 4252
1265 4867
3257 485
4380 4350
535 560
2950 3193
4669 2280
1395 3629
3580 1662
3695 242
2912 1091
4379 50
688 3359
1178 372
3986 1039
4553 592
2078 2691
3024 2598
1524 252
3725 3670
2637 3871
1400 1006
2332 629
4823 1441
4231 3213
330 965
575 3002
3326 1531
1659 3341
4856 3874
3119 57
3716 3854
947 1080
1567 4872
4791 3943
1647 1732
1564 1579
3532 2491
1145 4162
1459 950
1826 2764
1483 4526
4784 2941
1098 3392
643 4407
3520 4627
407 4098
3676 4111
2959 4747
853 1775
1823 201
2907 1948
2453 1560
594 503
3130 1856
434 354
3530 2641
4254 4160
4184 1675
1429 41
4256 2890
1870 1591
2635 342
3275 3721
4303 633
4920 285
319 4419
650 2537
3822 2908
4755 368
3958 644
21 2498
332 2121
214 390
4572 3144
1917 3377
89 427
4004 3358
4287 794
606 3471
3535 1117
3666 3607
2297 3222
2709 378
3657 3481
106 683
1655 744
2104 1821
3183 3953
4008 149
4087 849
4927 591
3199 4455
1933 1037
4655 1896
1227 4211
2198 3229
239 4884
3266 2425
3236 3022
3503 2038
1444 3383
4386 1807
1085 4893
808 1809
4188 1212
4533 4259
4437 296
46 4244
4950 2389
3767 825
4535 4867
1902 3617
4910 1001
3264 2801
1304 609
1485 2472
1418 4250
3626 1353
1680 1793
4654 2787
4388 85
1687 4052
4543 2182
3752 3930
1407 4081
826 216
4938 1851
224 300
4524 4339
4403 2085
2721 1395
816 2866
475 4307
212 338
4054 2788
2624 2342
701 2594
3562 1965
4548 2136
3771 4160
872 332
2362 3402
1829 1734
2654 4670
1976 2258
2751 4162
252 1066
4041 14
2591 4734
1166 2225
1124 2400
3631 981
3661 1393
213 4672
922 2027
1205 1180
3475 1741
1255 2303
4642 2270
1875 2191
2460 3452
2930 4650
736 1790
278 671
3460 3218
1935 4511
1765 2710
1452 2842
4252 2260
3194 4432
1394 3795
1858 1025
4316 2325
4167 3495
4351 1226
2431 2513
1484 1273
3110 4753
2424 4844
3001 4991
60 4856
1879 1124
2658 1557
1100 2719
3213 719
3325 1369
2659 2744
3012 2059
3714 4662
1112 3046
3943 4708
1120 4280
1152 307
4795 3549
3003 1910
1907 2114
4596 4072
2295 1360
2682 1313
3698 4850
755 3116
1489 3551
1501 2253
2996 1418
1931 4941
3189 673
4230 4224
2575 3795
3896 3325
683 2727
2272 87
1088 2094
2737 2497
4905 90
1005 1243
1448 4030
3320 96
680 1262
3499 3515
626 2430
2409 1109
1585 3474
3907 3960
3806 1799
3462 3655
2538 4933
4200 1976
2883 2265
398 621
588 4896
2178 4808
1690 1547
1980 382
3035 4676
579 4481
2163 1457
4090 1350
1713 3442
1692 1353
432 1025
4980 1458
1447 310
4723 3866
1339 1699
3639 65
664 2796
663 1662
1191 4889
2467 4142
4752 1512
942 4879
1808 930
2578 1070
2464 699
2018 4012
2572 2294
4345 35
3085 3271
417 3159
3241 2662
3177 4005
4806 2651
1708 833
3446 4266
2068 119
2061 504
2126 889
2596 4574
3057 3043
3658 4554
3740 2945
1204 848
372 683
3076 4609
200 3835
1663 285
1450 4133
3135 2846
978 144
4756 4155
4637 2103
1445 496
4310 4466
1422 1931
1045 1125
4178 3852
2873 3746
3162 2577
4492 2879
4807 4136
2594 3096
4971 4380
339 2987
693 4131
2532 2926
4366 1866
3651 2107
299 1636
3937 2589
2320 906
1745 4584
2718 1583
341 2920
4421 1264
1894 1812
4996 3238
3014 3313
3098 2807
1230 2288
3261 234
1272 1489
4064 1343
3233 1747
3807 1805
4816 3635
3292 4455
2300 803
1107 4171
3109 4015
1812 4044
976 4259
3285 4142
423 3684
2192 671
2646 2075
4516 1752
3664 34
1854 1990
4262 4217
533 712
1153 829
2633 2213
2160 748
3343 3828
4737 897
2642 791
4192 2437
249 505
4279 681
3941 2005
869 809
1758 3763
1236 4860
4298 2573
293 1607
267 1039
2269 2805
4947 4459
3757 3135
1231 3487
4017 4598
2175 2065
105 2963
3069 2819
3016 2555
2554 4097
4058 2295
85 2844
4237 2118
2228 2093
2580 2233
2288 3538
1464 2151
1359 1748
1815 358
4836 4479
2663 3649
35 1355
241 117
4911 2632
1069 4295
2470 3707
1234 2608
3006 4845
3474 1902
1622 3232
1651 3114
3392 4540
4409 17
2082 1104
4825 2420
1049 267
4359 1165
3909 675
1164 1670
1089 2914
2187 3206
2212 1298
636 3352
4539 1926
4730 3050
1814 2218
1059 2465
4137 2051
611 4622
1278 2403
4313 3708
3540 310
1954 4401
4324 587
204 1145
1202 4153
3359 3917
4932 2225
4050 2848
3127 2665
916 2495
4818 4919
482 1165
630 1663
581 3818
1762 3998
3692 2574
1008 1828
3203 546
1436 1274
2738 3080
3342 2417
2238 1277
12 4002
1932 3803
4893 905
4549 2176
4747 2738
3758 496
277 4624
2851 1224
1633 4660
2795 2056
4168 4873
4301 824
2213 1320
2303 1633
209 3439
4234 3817
2161 4819
2823 2976
168 881
2536 3158
2893 2595
834 2597
2921 4796
1413 4420
3347 4109
4083 4802
2610 1269
2793 4908
2605 3706
4077 2380
3968 1206
576 3525
318 4758
4093 3768
3726 2536
287 3251
1014 474
381 959
1807 593
2678 2256
1764 191
3923 3656
2049 1385
4945 2513
3420 2289
410 1381
3290 4629
4995 3053
2147 1645
3707 4181
972 375
396 4113
3340 3683
4601 4495
2474 3869
3619 4656
1466 577
1391 239
4381 1342
2416 3092
4034 1191
1761 2112
3683 1357
2836 968
411 3285
1080 1190
2098 341
1590 1693
3642 277
48 1717
468 4896
1324 2755
4426 1378
1427 3456
4410 3338
4383 4657
3956 3323
2754 3734
2887 2736
1424 3654
3537 3632
715 4917
1503 2051
805 1291
4985 1391
2256 3499
2743 3614
3864 4481
1110 4458
957 1288
2508 1789
3418 43
4631 569
4465 2377
2938 2539
3735 3869
2825 3994
4576 558
1300 1312
2137 2315
1671 4640
4084 1682
1345 832
2516 4467
518 459
847 652
3052 1199
4255 4011
3297 2035
4827 1619
2057 2818
2092 507
3957 849
3502 4477
4984 3318
667 1487
4356 1448
164 2207
974 1942
750 4565
801 1079
895 1451
723 254
2593 1251
1822 3700
695 2771
4646 4990
3153 713
1274 2668
3835 3854
3710 96
1861 4542
706 4083
4680 877
2906 2588
271 1328
1054 3350
3669 1943
773 3327
1169 726
2771 722
3814 3061
557 2781
1016 2477
1644 1894
619 4695
4891 4235
4104 1641
4194 2179
4051 955
4045 1753
1401 1440
2459 2042
1029 3568
3129 265
3253 567
2901 4056
492 1757
4678 3911
3640 4801
2204 4305
3949 4117
3628 3277
3171 573
961 172
2781 3826
302 2382
1857 1911
2713 4581
632 1211
2931 3142
2452 3872
3860 3659
4135 211
2651 2301
574 3834
4195 195
1254 4731
4271 1543
4990 3981
4582 3025
3318 500
2748 3666
3997 4042
1 4069
699 2210
3095 371
2672 4019
4061 1336
543 3245
4375 3964
1242 2131
2643 3822
678 2715
3454 2448
139 408
1117 4263
2583 183
2701 1713
540 2023
115 2
4822 3933
1648 4713
802 2429
1282 4941
1062 4612
4812 2379
1970 50
3437 635
1934 780
3611 481
938 772
2760 4089
4334 1184
2004 388
2296 4580
3226 4400
4999 677
4393 3901
3365 437
1693 77
937 2582
2246 2035
638 423
4974 3064
1356 4478
3815 3261
4322 1633
3812 592
131 3645
15 4487
3775 2264
1780 2851
1859 3001
2971 2982
4363 1265
4408 944
1111 2152
3368 1670
3017 2260
671 2469
1717 767
4222 4608
202 3047
424 839
4478 4868
335 483
836 3110
1305 3189
237 983
3729 2946
2376 375
812 705
2255 4348
2509 2966
2991 2613
437 497
613 3605
3404 1718
4323 398
4338 2630
4557 2231
4857 3932
3813 4436
107 1598
1279 2399
1674 3018
2334 598
2802 1832
2667 3099
36 4457
1321 2428
3553 2045
858 2014
3369 2084
3586 3968
2265 774
4809 487
3269 112
4754 4524
3388 4779
288 4906
4605 4763
2525 2520
4217 677
3351 2885
177 2654
1767 4998
4746 4691
1526 1920
4498 920
4405 3510
2216 2915
3216 3393
4402 4857
2388 3867
1396 1050
2579 1354
4138 1762
4943 4270
3630 2148
1553 2493
4714 4235
4591 264
2600 3558
44 38
1020 2191
4826 3159
4048 884
4759 2872
1431 4437
996 2867
3113 4550
3104 1196
3304 3755
1530 359
1250 4567
2606 192
780 3303
856 1051
1267 4201
1290 211
1187 2310
1031 1871
3120 4649
2506 1691
3998 4115
2848 2485
2551 4212
4312 2567
2664 3426
4584 2378
1735 2954
3993 4589
1714 2053
4145 4782
2513 1824
4216 2609
3071 1501
3542 3877
348 3085
2333 221
3672 3904
1072 2118
3924 1503
4667 692
2251 2424
3650 3311
2350 4747
190 2853
4508 898
4936 2045
4296 4721
3799 1761
861 1421
4711 3500
599 4414
1211 2795
235 4415
2700 460
1595 4115
2905 4489
917 345
820 2086
1699 2546
2801 1944
3933 3680
4663 2700
8 4050
727 4604
2621 1337
1470 1413
266 862
4796 894
2211 2038
1679 2549
3339 3626
4579 3843
1666 798
1918 241
346 3628
2891 1790
4485 1233
1997 4726
4968 4610
4293 1559
459 1515
323 4992
2457 83
512 3569
3689 1112
169 21
2764 3568
1722 2530
1210 1090
400 3901
91 4374
901 1130
1573 4350
3595 2988
1055 812
3456 3423
2284 3779
2010 4114
233 4789
4915 4779
2863 2142
4113 964
4107 407
3128 1578
2308 4757
3597 579
3084 3798
1352 2834
4602 4686
1155 4027
3348 3478
3738 3910
2022 450
4240 2250
2592 2052
3960 53
4232 3355
1462 3058
3884 1210
4870 1708
1974 3300
1389 1984
170 4787
1018 2930
1224 123
4983 3572
3367 349
2398 749
981 4215
2933 1032
367 3783
4537 3740
3036 4395
1681 4457
126 4617
2168 634
705 2398
1337 2356
4497 4692
3596 3730
4772 1760
2661 4687
1517 4866
2827 3243
2872 2024
3106 3675
1367 405
3468 2427
163 3757
753 4451
880 1941
4765 4004
3983 4732
4139 3315
1488 173
1621 1173
1238 766
1482 1428
176 4135
1402 472
1635 1595
3256 468
4358 2093
4903 655
747 4440
2859 3938
4775 1056
488 4485
4815 2238
4570 2435
3687 499
39 2217
2539 334
246 2438
730 3123
3712 2685
2342 2116
3534 1287
3616 1013
4344 1390
3570 269
555 3368
3765 3089
117 2333
3637 2134
4864 2326
929 3491
81 1514
2131 1923
2328 1383
2770 594
4317 2383
1087 863
3600 2267
2662 1930
1704 598
3839 2766
2953 3176
1414 2086
4673 1724
2435 1115
3375 90
3615 3559
762 891
768 3304
1019 51
4259 4580
2381 961
3023 1280
1603 4826
1022 4383
3345 3168
2725 1948
4501 3514
4978 4923
4260 2654
2560 3156
4921 3678
3536 4428
4505 2498
3470 4397
3787 817
811 4054
1817 4197
2102 2386
1261 1230
4914 1682
3193 469
3678 4873
1399 4515
1380 468
2336 4776
3703 4293
1150 1598
3469 4251
1547 4921
3797 1139
289 4513
4121 1377
897 4230
4170 1062
4290 3507
1048 2344
4767 970
4011 2907
2369 1236
4704 1817
1331 1605
3772 4610
1075 433
2745 4310
3955 80
3872 2608
446 3858
3498 4204
3928 1565
4829 4452
3513 1977
2428 4815
362 2346
1129 3844
4623 1247
3804 643
3192 2493
350 1814
4495 2032
360 373
2232 4405
571 3929
4895 3812
3488 2428
763 1930
605 601
2085 4270
4708 3134
4798 3400
