99
92 85
73 48
1 3
40 36
33 94
29 1
42 43
43 72
3 61
99 0
65 41
23 3
9 1
34 23
85 12
61 0
63 33
16 74
37 44
58 90
28 64
46 15
36 63
64 9
8 30
24 38
4 25
98 88
72 19
48 62
90 9
83 45
5 75
94 17
27 76
76 81
57 32
44 54
95 31
80 26
20 85
17 99
79 55
59 29
66 28
45 92
19 94
12 4
60 66
13 79
39 79
87 8
18 6
52 28
15 7
53 42
10 55
75 70
93 35
51 64
78 89
96 36
69 59
89 20
71 58
11 96
6 59
97 29
41 45
2 24
74 10
30 34
7 91
67 76
22 74
62 31
86 23
88 51
14 10
31 34
32 13
54 43
55 4
21 42
70 97
91 72
25 17
68 53
49 7
82 92
38 86
35 96
84 16
47 54
26 67
50 18
81 63
77 90
56 51
