100 550 5
4 3 2 0 3 3 3 3 4 0 3 3 3 1 1 4 2 4 3 4 0 4 2 2 3 4 1 0 3 3 0 2 1 0 2 1 2 4 0 4 2 4 0 2 1 1 1 0 4 0 4 2 1 1 4 2 2 3 3 2 2 0 1 4 1 1 4 0 4 3 0 2 1 4 4 0 0 0 1 0 2 3 2 3 1 1 4 3 0 3 0 4 3 3 0 3 2 2 1 4
40 13
29 49
44 70
64 75
48 82
4 36
1 59
59 92
60 85
4 39
72 35
25 10
49 2
4 91
13 90
95 4
98 88
77 24
19 95
98 10
66 23
18 37
47 53
98 75
13 10
88 2
74 75
12 78
65 45
26 29
21 59
20 56
12 29
65 25
84 22
38 46
28 9
23 98
68 92
0 37
35 16
17 61
39 88
97 83
63 35
63 44
81 55
90 27
75 45
98 56
73 20
72 26
27 86
54 70
20 40
87 16
65 80
52 57
91 25
25 83
44 11
83 87
2 63
95 11
98 24
9 51
67 84
53 61
14 34
42 89
71 26
21 12
6 19
33 44
71 60
84 7
79 75
43 6
21 17
15 86
29 98
32 98
22 9
1 44
63 79
62 26
37 78
41 67
65 94
12 11
33 4
88 62
86 1
51 16
35 22
5 69
44 90
97 36
19 14
87 27
36 93
46 9
28 36
57 69
71 5
91 24
41 73
1 64
26 91
38 90
62 98
64 79
87 28
84 33
57 9
48 49
18 81
87 25
49 98
99 63
89 94
82 69
90 57
55 89
6 88
44 13
48 0
88 53
46 74
41 8
2 86
77 39
93 99
15 77
65 91
63 62
68 45
23 99
4 93
75 92
1 72
49 76
39 28
75 39
67 61
70 92
68 85
94 38
77 52
94 16
43 91
77 97
4 83
43 40
62 45
70 99
34 20
1 38
26 94
1 7
97 62
3 65
56 46
19 81
89 59
33 55
24 20
65 40
5 48
38 69
38 31
86 63
46 91
21 33
73 1
38 24
37 79
83 12
44 71
64 31
72 49
20 32
26 23
61 94
51 58
12 41
95 48
7 74
78 96
75 71
41 51
31 14
97 78
4 18
96 34
21 13
52 79
87 43
1 21
15 88
55 44
24 80
15 56
40 37
54 14
70 56
43 90
79 77
74 77
81 1
84 98
53 31
87 47
52 47
37 23
92 49
95 51
36 34
82 46
47 43
22 81
86 12
82 49
87 70
6 30
54 13
36 92
13 69
38 95
98 85
12 8
93 96
48 55
96 45
81 78
4 94
66 19
8 89
80 63
58 42
18 42
7 32
68 39
12 6
87 18
41 23
68 73
37 22
90 33
70 10
31 69
88 27
86 80
61 47
0 69
39 55
51 12
22 27
88 57
45 44
13 32
70 39
4 47
81 30
12 49
42 3
38 12
74 99
42 38
63 14
67 87
63 50
26 39
75 90
76 72
9 4
70 57
57 15
86 13
84 42
64 47
81 8
53 96
76 23
51 75
14 18
83 30
13 59
10 53
89 64
17 80
37 6
76 90
27 11
52 48
47 24
73 23
31 59
66 17
15 62
67 5
10 99
47 75
62 36
9 87
20 2
19 22
96 87
44 82
5 83
35 54
34 72
89 65
83 75
33 77
69 56
85 38
2 4
95 78
31 8
24 30
20 72
93 54
14 29
43 98
80 92
65 21
19 47
90 20
64 2
18 41
11 53
33 36
39 51
46 68
79 48
66 42
82 25
35 89
12 7
51 80
70 42
46 17
54 1
99 66
81 27
54 52
33 17
46 30
85 76
8 6
67 65
58 40
76 18
38 64
54 62
1 63
57 48
51 4
79 53
75 24
81 6
63 38
3 93
63 94
49 77
22 56
96 1
50 7
28 64
77 41
38 99
81 74
31 33
64 0
69 83
8 34
34 35
18 72
44 20
83 70
38 93
93 79
75 97
88 41
26 69
84 53
23 50
21 91
37 55
3 21
38 8
22 30
67 7
97 35
98 35
35 76
32 2
13 67
16 24
92 0
90 67
52 56
98 34
2 39
37 61
74 9
63 98
64 61
77 16
35 51
75 50
33 59
87 46
18 93
45 15
48 8
61 49
32 97
76 34
28 75
33 57
19 41
48 44
56 42
56 84
72 83
38 16
46 88
39 96
67 40
20 59
27 14
67 50
5 70
97 10
25 50
97 55
97 16
21 74
98 3
57 27
48 58
28 24
1 30
65 60
23 77
49 33
48 98
14 59
53 59
59 96
89 88
7 56
50 5
8 72
30 85
37 32
2 61
97 88
54 53
95 65
15 6
59 54
35 67
36 78
78 73
37 12
23 83
2 29
18 78
15 92
60 46
60 56
63 47
31 10
28 88
63 31
13 29
7 91
40 66
0 71
67 43
80 19
21 54
68 15
41 96
46 52
89 5
30 96
79 71
17 22
32 64
38 17
65 32
10 8
44 0
75 13
0 58
42 99
53 86
90 61
14 77
91 40
28 42
65 74
50 52
96 43
83 17
7 19
71 8
80 0
93 49
54 83
10 71
52 31
96 74
89 27
59 61
16 61
77 0
82 71
82 88
39 73
56 12
62 34
15 41
29 75
15 43
77 66
47 62
90 72
54 50
82 79
14 2
51 3
41 47
51 54
43 49
76 11
20 19
32 70
53 62
30 47
84 25
9 24
46 11
71 81
6 98
91 56
