1000 5500 5
1 1 4 4 4 4 3 2 3 4 3 0 0 3 4 0 4 0 1 1 1 2 1 1 3 3 0 1 4 1 1 1 0 3 0 2 1 4 1 2 1 4 0 0 4 1 0 4 4 2 0 3 4 2 2 4 3 0 2 1 4 0 3 3 0 4 1 4 1 1 2 4 1 1 0 1 0 0 2 4 1 4 4 1 0 2 3 1 4 3 4 1 4 3 4 4 3 0 3 3 1 2 0 1 0 4 4 4 4 1 3 3 0 4 1 1 0 4 4 4 1 3 2 0 2 3 0 4 4 0 2 0 4 0 4 3 3 4 0 0 4 0 0 1 0 0 0 4 0 4 0 3 2 4 0 4 0 4 1 2 1 3 1 3 1 3 2 3 3 2 2 1 2 3 2 1 4 3 3 2 0 2 3 1 3 0 1 1 0 4 3 3 4 3 2 0 0 3 3 2 0 3 1 3 0 1 3 1 1 2 2 4 1 2 0 3 1 2 2 0 4 4 2 2 0 2 2 2 4 0 3 1 4 1 1 4 1 3 1 0 1 4 3 0 2 2 0 4 1 3 0 2 4 0 1 1 3 1 3 0 3 3 1 1 3 0 3 2 3 0 0 4 3 2 0 1 1 1 4 2 1 3 1 0 4 3 2 0 2 1 2 3 1 4 4 0 2 0 0 4 1 0 3 0 3 1 2 4 2 1 4 3 2 4 0 4 2 4 4 2 4 2 1 2 2 4 4 1 3 2 1 1 3 4 0 0 1 3 0 3 4 1 4 2 1 3 0 1 3 1 3 2 0 2 4 1 1 1 2 0 1 0 3 1 4 1 3 2 2 0 1 0 4 2 4 2 4 4 3 4 3 4 2 3 3 3 4 4 0 3 4 4 1 3 0 0 3 1 0 1 4 2 3 0 0 2 0 4 3 2 3 3 1 4 3 2 3 0 4 2 0 4 1 2 4 3 4 0 1 1 0 0 0 3 0 2 3 4 0 2 1 1 3 1 0 1 4 1 2 0 1 3 3 1 1 0 2 1 4 1 0 4 3 1 0 3 0 1 1 2 0 1 2 0 1 1 2 0 1 3 3 4 3 4 1 3 2 1 1 0 0 1 3 0 4 4 2 4 4 3 1 3 3 1 1 1 2 1 4 4 2 3 2 1 1 4 4 0 2 1 0 0 4 3 4 3 2 3 4 3 4 0 1 0 0 4 0 1 0 3 0 1 3 4 3 4 4 2 0 2 0 3 4 2 2 3 2 2 0 1 0 1 4 4 2 2 3 4 0 1 3 3 4 2 0 4 1 0 0 2 2 4 2 0 0 0 4 4 3 2 4 1 1 2 0 2 0 3 2 0 2 3 0 2 1 0 3 4 3 3 1 4 4 4 4 4 2 1 2 2 3 0 3 3 2 0 0 3 0 0 1 1 3 4 2 3 2 3 0 1 4 3 1 3 2 4 1 1 3 4 1 2 4 3 3 0 4 1 3 0 4 2 1 3 1 4 0 3 0 4 0 1 0 0 2 2 0 4 3 4 0 2 4 0 2 3 1 1 2 3 2 3 4 1 0 4 2 3 0 2 2 4 3 4 3 4 3 4 2 4 1 4 3 2 2 4 4 2 0 3 0 1 1 1 0 2 4 3 2 3 1 3 2 3 4 4 1 4 1 0 4 0 2 3 1 2 3 1 3 3 3 3 3 0 4 4 1 1 0 1 1 0 2 3 3 4 3 4 1 1 2 4 2 3 2 0 4 4 0 2 0 3 2 2 4 3 1 2 4 1 2 0 1 3 3 1 3 2 3 2 3 0 0 2 4 4 4 1 0 4 3 1 2 2 0 1 2 1 1 0 0 4 2 4 2 0 3 2 4 0 2 1 2 1 1 4 0 2 3 3 3 1 3 3 4 1 4 3 0 3 1 4 2 4 1 0 1 3 1 3 4 0 4 2 2 1 2 4 0 1 2 4 2 2 4 1 0 4 1 4 3 3 4 0 1 1 2 2 2 0 2 1 2 1 4 3 1 4 1 2 2 4 1 4 0 4 1 0 2 2 1 3 0 4 3 0 0 2 2 0 3 3 4 4 4 4 2 2 1 4 1 2 1 0 4 4 2 4 4 3 3 3 4 2 3 0 4 3 2 3 1 1 0 4 4 0 2 1 0 3 0 1 2 4 1 1 0 3 2 0 2 4 2 0 2 0 0 4 2 3 0 1 1 0 4 2 2 4 4 2 1 1 4 2 0 1 1 0 0 3
539 124
21 859
689 193
534 373
545 32
996 130
676 506
380 222
534 653
406 0
539 355
925 926
964 4
281 437
107 773
57 146
574 152
189 17
454 823
843 859
709 585
700 740
916 143
150 963
846 371
637 800
178 366
947 496
345 517
405 517
156 560
387 111
380 503
877 329
805 285
468 388
243 440
169 572
385 231
608 124
672 838
897 903
919 167
263 459
159 759
499 227
146 385
751 207
610 680
456 137
159 577
844 830
920 66
180 632
830 540
138 264
682 830
609 81
587 401
528 723
44 999
71 140
610 339
867 478
622 762
951 54
164 312
292 196
86 273
445 2
519 199
411 36
214 996
338 423
456 166
641 509
593 18
392 965
228 48
910 368
312 866
497 224
40 579
96 688
564 993
416 515
667 731
625 61
470 805
158 923
73 11
300 6
357 276
264 681
892 115
141 155
968 940
302 594
630 302
429 894
798 675
535 659
109 226
441 122
665 60
227 84
282 129
282 470
757 794
378 139
422 360
407 62
131 456
353 375
770 220
674 605
886 958
874 420
22 797
466 867
601 267
677 197
62 722
232 918
274 814
218 10
966 597
186 69
704 873
442 963
529 845
175 37
326 60
693 231
896 757
296 694
734 568
305 655
686 365
224 798
933 101
816 299
754 733
999 936
205 609
942 674
204 965
779 820
548 129
123 636
462 156
386 887
486 724
659 323
83 101
66 682
17 89
466 398
574 185
611 0
238 926
994 976
707 794
150 645
383 262
319 726
884 249
369 289
440 337
233 927
864 105
344 918
360 741
254 820
136 635
961 955
113 810
776 27
952 997
520 883
536 632
941 694
707 578
305 620
843 823
726 561
824 328
176 826
152 544
215 881
906 710
346 345
514 829
874 244
239 383
304 392
903 831
229 206
292 876
695 797
574 219
103 204
366 967
3 577
467 488
308 100
554 973
723 491
950 879
938 711
845 710
478 246
452 320
242 199
357 308
978 569
221 910
718 372
406 362
125 548
349 625
924 748
936 433
385 781
81 19
892 603
557 391
806 631
540 987
146 85
32 962
99 545
569 177
706 363
175 86
625 983
230 335
214 38
891 739
170 149
770 999
616 169
86 870
29 628
371 981
740 832
17 87
139 365
484 870
295 906
51 421
395 451
140 215
827 213
828 907
872 119
82 342
91 796
663 673
894 970
710 688
918 220
597 963
171 894
955 855
947 228
119 284
147 648
634 840
132 469
634 173
557 508
529 528
905 495
848 310
844 763
193 19
166 664
332 546
35 176
359 39
357 493
841 84
237 590
548 101
200 720
133 836
373 122
373 430
795 893
651 559
342 992
631 202
148 582
608 506
266 418
131 120
558 649
925 751
632 564
874 792
581 571
752 776
814 6
220 627
126 237
0 271
863 13
566 743
320 863
642 953
18 235
325 324
13 808
540 118
562 93
495 996
567 480
666 542
654 406
535 453
171 130
644 39
623 260
527 110
873 925
306 143
88 386
332 34
367 354
914 442
870 33
581 560
505 576
462 192
83 657
388 349
636 419
206 154
555 217
999 827
903 482
851 615
975 907
603 874
423 50
435 901
960 658
360 332
720 56
793 780
169 68
69 593
868 148
828 787
393 820
723 709
338 613
403 404
544 737
283 37
846 973
383 792
746 931
826 161
873 527
18 982
59 841
5 431
227 984
779 937
38 106
397 408
164 143
417 402
714 573
725 79
91 851
342 108
506 132
750 940
533 628
792 40
993 656
692 850
252 111
679 156
608 662
502 824
585 641
625 561
845 942
232 612
457 149
495 512
353 709
450 845
686 971
291 96
765 155
804 729
639 605
128 190
499 789
248 767
900 262
711 399
791 638
576 229
499 254
984 529
750 278
771 537
954 107
436 676
57 872
198 891
206 105
481 743
507 986
851 745
567 269
636 261
649 158
71 733
270 405
281 360
207 648
799 37
744 329
86 856
310 313
990 834
912 611
338 951
338 920
122 363
916 340
264 985
637 48
660 856
118 458
229 407
223 639
722 827
525 496
148 244
741 111
675 984
547 767
13 724
34 659
652 219
346 385
770 183
682 802
199 537
645 860
975 136
764 172
557 880
187 573
570 987
749 695
242 603
715 117
152 694
862 506
55 932
816 190
753 626
132 262
396 781
411 31
402 186
994 805
414 359
82 610
850 361
750 346
277 960
211 734
246 657
720 717
614 282
285 473
699 79
138 107
524 80
69 841
962 559
828 675
408 836
741 794
163 627
53 17
676 673
493 43
579 483
209 807
750 947
234 861
31 471
410 765
19 991
73 100
772 950
497 979
40 906
863 268
717 438
789 768
855 60
154 90
257 584
404 378
393 360
537 368
634 789
109 888
451 569
655 506
671 624
816 42
659 552
961 427
908 115
730 204
736 447
42 994
64 910
378 80
309 988
710 967
251 33
177 391
455 425
849 418
161 265
551 913
865 377
238 139
624 325
597 500
105 529
321 425
64 435
662 477
773 548
39 340
497 834
557 954
449 692
569 493
999 756
259 271
945 678
968 142
920 570
675 548
871 468
607 362
984 752
349 233
966 590
581 842
612 812
500 904
334 687
879 864
246 912
604 929
13 165
263 220
424 453
78 467
461 108
753 491
911 673
841 240
415 795
737 264
294 367
798 370
370 216
8 821
220 620
235 746
579 136
77 416
710 846
20 474
918 114
930 614
987 867
837 681
429 43
111 811
828 240
255 83
418 974
477 345
908 649
795 154
564 154
685 187
234 281
776 874
738 362
964 79
594 93
357 265
916 150
153 802
82 369
611 880
621 776
336 189
406 861
943 361
290 607
947 86
966 91
138 838
874 14
503 850
450 227
72 986
537 207
716 984
182 82
401 837
828 82
646 894
655 88
523 598
164 103
240 915
36 864
578 137
726 738
979 618
637 234
559 419
144 623
978 702
635 998
361 558
971 404
588 547
266 568
174 603
176 740
450 301
839 443
860 418
661 563
840 114
992 809
456 454
356 205
784 847
24 932
268 415
992 42
213 857
558 163
848 846
619 811
662 797
987 149
879 851
557 299
126 517
864 121
586 39
177 374
126 790
8 843
108 703
924 327
694 314
742 497
518 399
639 772
560 726
540 6
44 584
365 796
163 134
653 3
446 528
235 857
239 274
74 417
108 191
911 592
0 93
347 340
163 772
999 798
863 212
351 884
500 945
180 330
579 945
756 325
911 413
161 650
880 809
949 399
160 819
216 159
924 864
306 500
676 333
316 104
671 534
246 832
566 493
674 703
447 985
458 74
269 82
937 664
441 213
360 170
386 442
862 340
997 10
585 691
885 728
366 677
265 286
921 70
66 836
800 38
708 815
631 955
564 953
171 720
163 154
10 538
13 709
254 291
206 370
589 882
546 663
316 843
71 771
642 563
513 896
476 557
695 312
583 669
611 252
586 948
372 58
111 595
185 983
582 810
424 995
160 998
100 35
853 579
427 15
380 926
825 520
898 892
207 861
813 426
979 13
336 955
558 920
147 238
488 223
954 726
997 319
982 640
183 680
622 925
368 800
162 784
776 364
651 532
393 233
331 985
817 280
460 936
903 377
2 402
360 957
113 450
519 954
831 655
9 90
762 690
206 969
884 208
280 650
606 357
697 228
906 748
492 297
535 159
157 632
802 558
891 530
413 683
381 978
872 722
123 827
294 784
107 625
779 288
481 358
437 331
955 170
756 517
987 456
431 210
208 180
54 766
952 65
584 547
961 29
571 164
8 949
934 888
968 634
9 600
875 741
514 923
315 603
445 516
64 809
634 749
325 635
362 372
693 438
938 592
764 162
991 307
737 735
3 517
386 347
513 605
154 906
354 738
637 656
566 952
574 731
440 390
384 521
24 380
841 450
940 727
950 890
130 894
398 226
403 365
643 878
376 949
449 942
337 470
177 62
65 508
436 394
146 162
196 267
152 250
422 985
880 888
870 36
43 230
220 41
550 571
129 930
71 577
45 371
232 745
459 704
878 507
474 253
781 148
932 842
653 677
800 96
578 345
194 923
286 56
968 495
630 487
392 802
634 23
962 770
109 924
538 656
417 691
346 844
13 581
793 754
258 532
796 33
46 794
63 492
575 510
159 348
543 145
574 279
781 791
894 67
509 702
443 149
702 828
582 809
630 833
286 113
334 936
741 720
60 302
111 804
904 179
545 338
990 812
937 283
637 957
896 482
257 432
427 730
387 326
297 7
836 498
176 555
895 519
181 469
562 487
375 139
956 740
345 83
985 407
951 356
267 765
410 620
837 550
806 635
722 650
134 180
727 151
15 563
574 975
228 81
555 398
197 691
191 513
75 405
55 279
671 732
900 505
651 540
106 640
41 825
940 441
913 42
239 998
422 245
432 854
921 492
741 786
322 962
529 33
694 223
214 404
197 455
833 794
534 511
409 400
821 631
718 394
291 463
466 114
592 875
882 420
577 33
738 686
0 558
100 528
914 244
668 64
589 758
846 291
634 517
221 747
183 750
659 621
375 187
11 772
873 634
13 569
917 97
907 476
477 792
181 168
830 74
214 39
583 978
20 260
958 70
426 365
623 585
494 643
518 253
38 66
648 950
485 111
786 635
393 698
67 384
178 341
12 101
412 58
365 66
958 754
813 524
617 976
912 732
386 543
283 647
675 486
845 959
626 410
712 554
801 996
717 977
674 616
593 888
998 701
667 442
795 849
405 91
2 768
382 560
219 858
431 643
245 932
481 637
92 376
182 486
677 600
838 219
596 841
678 863
859 759
142 74
868 736
70 120
124 337
631 853
676 841
267 348
458 628
339 950
68 440
86 652
895 184
870 961
729 956
799 965
697 190
606 726
387 925
563 213
23 562
822 224
706 482
636 616
608 146
34 319
880 428
611 992
470 740
349 686
161 361
922 418
110 161
704 803
507 332
974 401
983 300
560 665
612 148
353 948
320 146
255 815
300 482
3 273
519 645
534 395
391 814
119 848
264 560
968 258
808 941
852 568
662 782
186 508
818 919
292 472
794 261
556 333
352 186
198 498
926 693
414 583
416 14
401 651
382 189
377 862
958 893
173 458
126 54
954 677
202 119
962 423
707 152
239 749
368 972
550 260
420 221
873 827
12 886
468 140
920 339
834 6
876 357
92 511
233 855
917 549
602 231
40 699
33 738
10 836
329 883
520 75
287 436
730 459
259 120
840 668
723 564
781 485
970 313
464 48
309 266
131 476
819 616
818 80
742 361
881 703
533 863
689 739
170 257
373 84
553 309
943 806
534 858
339 689
795 349
509 635
911 671
496 908
901 659
955 633
925 45
93 40
25 543
998 636
287 614
597 226
606 269
912 716
580 606
21 732
594 581
192 357
154 232
114 792
421 937
442 496
217 598
7 879
693 942
378 860
2 280
540 29
697 34
45 635
85 719
813 330
697 856
489 933
21 241
332 138
664 682
4 566
531 861
783 43
243 36
432 783
193 829
598 871
218 30
582 778
316 602
215 125
315 296
20 832
275 235
104 84
144 991
480 825
898 466
641 305
195 41
640 500
439 15
343 907
236 643
914 89
852 818
385 570
551 129
900 181
446 61
39 164
678 439
247 690
672 580
811 345
711 656
149 874
991 135
303 710
829 251
967 937
199 411
874 668
204 664
470 622
382 169
342 254
293 268
899 510
219 546
381 496
733 504
66 676
974 654
787 751
263 986
888 438
339 268
602 150
406 653
920 15
913 949
918 560
186 579
969 591
907 129
889 450
727 943
600 568
122 413
220 881
165 73
484 273
643 568
874 361
38 175
330 772
162 339
602 415
771 660
914 334
160 454
488 287
86 559
24 287
947 400
530 740
948 606
365 23
377 18
247 696
618 71
652 329
336 462
996 352
391 519
960 313
394 123
971 747
808 564
167 450
850 381
539 364
497 3
905 843
747 204
728 320
844 235
353 819
877 706
482 682
704 890
612 719
556 485
28 964
858 356
26 737
187 241
320 368
871 812
480 900
623 96
635 149
973 101
936 949
552 392
985 571
69 373
148 803
592 991
894 270
294 563
49 817
931 487
302 666
352 746
327 661
814 982
833 808
831 583
381 854
570 70
11 286
553 920
824 391
122 291
59 453
726 49
280 551
297 142
699 200
113 690
894 575
275 927
950 109
786 198
215 626
659 23
15 81
737 797
564 554
855 574
175 570
619 127
443 230
277 282
133 916
239 839
20 564
692 401
6 443
114 786
343 89
542 642
523 275
134 234
57 853
780 662
222 215
811 207
708 665
65 379
51 846
381 101
865 567
565 151
357 557
374 203
18 851
541 204
958 609
572 340
23 84
721 309
129 530
642 808
980 490
149 126
553 438
55 106
163 866
361 571
637 891
433 574
154 100
145 331
431 533
731 426
274 142
34 354
27 64
733 664
61 294
376 127
518 190
575 372
155 794
579 569
302 381
351 198
508 349
480 555
814 983
936 521
211 290
488 202
14 54
666 379
732 700
49 586
99 267
158 305
798 816
805 685
669 207
21 709
356 287
755 250
809 28
720 80
28 113
995 427
367 403
275 265
629 11
120 25
980 118
934 505
338 884
410 963
262 290
173 819
293 311
446 438
54 262
377 459
283 522
164 735
97 889
504 427
226 75
591 42
405 242
162 331
49 111
91 947
402 259
691 741
890 985
378 345
43 699
215 173
686 520
97 863
888 397
275 230
372 652
112 600
566 215
5 935
830 248
420 132
870 702
717 498
196 1
115 649
968 104
321 764
237 863
146 92
518 681
987 76
917 612
669 219
229 11
14 890
489 332
714 295
867 629
746 830
807 477
771 315
207 297
55 491
516 856
767 857
28 655
19 628
93 375
796 739
77 608
60 517
503 440
918 819
169 692
886 667
133 707
651 447
459 565
546 200
276 956
293 10
614 823
196 857
806 941
625 481
170 863
970 439
208 274
430 82
175 838
868 493
191 932
2 662
620 311
616 908
133 55
251 689
654 33
844 605
914 552
84 512
433 476
307 376
646 479
37 803
685 237
399 341
332 854
498 875
791 88
363 918
330 67
32 436
775 506
655 43
589 58
292 328
596 329
822 475
752 261
881 344
748 51
650 117
965 51
883 105
248 44
350 686
210 740
276 928
935 674
261 686
429 350
314 879
281 63
452 766
916 925
807 235
321 787
411 587
833 387
333 277
961 526
62 932
672 618
361 758
701 94
988 884
803 914
866 330
591 465
297 59
30 36
911 309
410 946
972 602
369 885
44 502
96 672
127 666
888 472
788 532
236 261
433 230
822 676
145 80
586 613
267 539
878 860
916 755
871 654
968 545
776 30
147 960
843 160
760 766
878 151
498 109
137 438
738 5
610 240
805 985
187 802
416 801
803 849
809 765
941 855
308 76
356 281
99 329
681 791
945 429
827 60
705 640
717 170
818 965
978 152
232 108
174 912
446 64
400 362
388 886
367 787
105 774
331 147
358 618
131 974
612 214
930 654
786 919
882 97
891 146
647 561
656 527
578 529
49 632
386 532
522 777
953 907
480 618
333 35
462 334
997 329
363 365
100 896
435 685
12 250
305 312
456 522
585 889
522 11
405 636
884 444
428 343
514 144
56 237
874 333
421 657
208 324
414 209
454 489
886 625
371 346
856 258
389 289
862 109
556 462
239 39
979 176
240 932
925 651
173 421
519 115
970 154
759 837
77 409
766 135
734 474
30 64
422 918
955 107
303 584
243 590
849 101
368 953
309 817
585 808
781 262
548 520
745 773
271 758
852 499
790 818
18 479
935 644
405 706
909 939
328 728
777 490
17 196
434 741
328 239
990 271
528 486
91 802
736 168
393 143
41 296
111 315
6 441
615 115
110 479
376 265
848 619
775 417
959 3
257 801
803 799
66 784
521 47
280 824
834 332
471 516
140 819
523 58
761 903
98 815
83 537
598 486
277 797
676 211
880 684
609 45
960 952
592 338
411 940
609 529
208 779
247 130
92 605
482 32
794 202
599 296
757 238
971 57
782 895
858 883
294 29
225 100
703 744
832 245
29 346
697 278
395 796
930 93
143 205
523 475
825 916
893 594
191 57
536 480
103 58
929 215
557 698
963 622
414 767
51 934
978 203
559 930
810 667
677 43
228 352
322 371
968 496
33 346
5 896
201 306
94 357
430 749
579 185
67 145
977 809
245 596
894 509
942 187
716 531
403 339
541 785
524 647
17 825
334 254
334 314
453 524
784 159
434 140
706 759
700 435
326 626
433 704
146 826
341 927
642 159
296 944
831 103
501 951
774 684
666 200
961 851
944 318
364 193
290 566
290 38
490 914
390 933
757 636
564 805
652 52
826 524
400 63
84 443
479 295
233 171
857 372
578 946
65 113
429 7
434 971
808 816
638 16
777 422
218 945
48 211
789 128
48 722
889 384
608 995
586 704
291 204
951 564
875 259
599 6
665 161
768 291
590 622
888 369
410 375
251 594
759 713
64 686
558 586
615 137
835 538
446 358
45 453
743 276
25 625
938 90
398 281
897 513
103 449
535 49
505 87
825 132
559 214
885 92
879 542
102 549
302 171
365 896
140 74
606 288
947 184
228 90
742 969
872 353
987 418
748 983
317 951
682 391
584 479
987 288
448 24
263 370
887 52
349 929
192 415
127 171
939 983
846 9
386 285
536 10
767 626
797 5
299 573
570 832
580 386
971 723
41 751
977 370
175 689
236 393
396 630
670 260
409 561
844 571
73 224
233 455
787 504
302 415
438 59
977 133
252 888
434 162
395 924
804 626
4 749
137 711
915 813
743 968
700 304
878 962
385 716
681 386
25 166
756 363
139 710
909 215
622 263
597 318
927 432
166 639
70 698
87 991
242 469
472 55
360 947
448 957
717 10
997 412
831 558
653 798
445 876
371 840
713 96
287 433
487 36
530 947
799 919
594 363
563 707
661 254
371 132
682 595
873 332
160 551
485 36
748 136
68 378
767 735
142 424
5 585
850 792
683 251
19 541
814 523
590 211
248 302
388 394
120 488
92 714
883 226
584 656
830 394
28 454
632 659
863 276
249 896
843 16
834 759
351 440
71 203
648 483
734 993
204 286
264 353
231 774
46 819
383 171
795 847
751 400
325 994
554 810
113 249
559 102
576 784
780 570
359 206
365 41
998 116
33 191
467 614
358 342
561 756
872 0
707 74
197 13
427 343
422 425
615 491
235 559
943 204
649 744
381 307
93 753
193 740
291 743
463 669
39 274
514 449
155 571
833 283
251 585
720 731
367 289
42 937
365 119
602 142
395 752
576 81
647 14
933 639
529 653
330 186
96 722
348 445
605 748
122 590
149 379
507 393
428 401
576 769
67 361
85 350
60 135
505 723
451 164
100 578
752 592
478 207
786 175
969 815
774 376
351 505
202 183
532 143
57 335
457 585
753 570
61 484
957 664
104 160
246 870
542 453
758 95
330 447
526 179
684 961
541 40
210 368
29 798
576 719
249 99
164 974
731 204
419 597
975 468
5 75
568 355
225 985
525 464
421 138
375 229
970 50
581 21
333 507
539 253
792 539
458 473
438 396
164 345
22 201
249 298
56 460
808 947
465 516
359 310
950 257
449 274
628 98
268 723
348 10
692 283
547 451
303 325
83 463
11 250
398 117
128 412
81 370
27 759
417 286
194 101
400 260
822 523
578 204
455 387
164 832
364 66
518 579
253 61
926 683
950 820
889 707
800 270
338 194
199 18
273 773
2 283
964 479
893 591
117 208
759 66
187 878
996 648
413 173
965 599
335 991
981 986
931 54
334 599
391 272
12 721
941 274
421 180
659 690
264 405
892 969
800 917
755 508
390 414
728 404
400 786
976 959
529 567
352 586
194 187
425 62
285 933
293 495
353 583
87 453
109 349
237 499
187 485
102 637
704 856
679 769
990 377
739 498
579 363
140 446
931 754
452 757
6 29
266 280
313 48
797 904
340 264
333 75
934 418
99 960
812 124
770 460
341 191
413 620
321 894
810 484
926 303
929 116
370 72
742 269
175 952
995 497
50 46
150 108
381 413
159 16
893 558
245 961
142 622
778 371
338 129
542 141
959 572
767 19
554 942
819 937
905 260
75 173
302 545
482 502
477 659
169 61
555 695
420 340
502 319
599 105
857 990
462 5
883 658
394 116
848 736
318 100
476 259
933 898
130 862
627 785
379 34
439 504
374 255
130 0
95 161
93 781
437 517
62 583
464 470
601 662
747 849
967 274
900 930
777 473
145 350
362 583
988 960
695 966
474 437
257 983
430 514
475 892
523 504
796 976
502 931
161 203
725 777
995 208
840 328
28 381
244 491
718 615
251 103
709 719
354 72
670 218
761 414
848 286
353 231
580 797
804 683
810 777
644 590
555 181
340 763
921 99
644 648
237 796
176 228
317 728
139 654
570 699
754 897
54 437
685 45
521 627
343 481
0 555
898 643
179 929
312 799
415 889
322 964
527 387
631 926
113 346
499 974
190 805
846 661
961 401
40 648
750 735
784 928
325 977
491 476
655 40
735 483
278 699
772 167
909 886
919 630
516 666
828 853
154 484
605 340
928 400
963 372
746 326
172 760
354 66
684 146
287 797
691 910
438 323
653 491
135 33
775 744
303 215
250 759
668 4
460 226
68 794
610 49
633 287
539 642
937 285
581 61
319 909
961 572
267 940
664 901
96 551
683 1
195 812
732 800
180 320
333 759
613 983
317 168
356 956
222 433
366 586
660 858
295 222
451 614
130 678
800 978
177 803
945 589
366 682
468 623
77 130
891 464
661 594
508 389
428 265
271 552
442 477
60 905
102 335
257 308
114 352
613 290
71 275
273 766
112 831
132 662
549 488
961 438
251 276
298 948
279 267
289 594
228 601
94 908
363 387
744 580
867 320
719 931
610 150
313 233
625 956
758 760
567 209
829 289
77 190
753 809
122 416
946 336
237 535
585 597
670 80
95 651
633 596
258 273
853 507
672 392
99 712
725 922
696 613
724 781
303 888
709 351
108 347
212 314
945 256
471 532
117 773
600 320
251 347
268 38
317 233
951 322
409 720
32 116
277 559
503 532
111 692
497 599
654 895
786 831
262 294
430 237
946 465
822 922
153 82
127 176
716 562
135 148
814 99
812 523
631 303
565 613
743 633
659 696
829 47
606 476
290 404
116 245
457 931
595 505
977 227
232 382
342 48
835 378
959 382
477 972
230 153
792 559
215 420
917 48
375 980
16 655
662 96
801 750
897 142
964 132
43 608
521 200
126 532
244 351
395 389
108 409
61 248
930 715
951 249
314 416
965 415
256 466
685 98
432 459
886 311
108 537
916 821
451 461
327 355
63 259
862 769
801 666
182 912
250 346
623 188
973 588
725 316
269 925
772 126
908 644
405 717
859 409
517 193
681 976
895 827
172 272
314 762
607 287
821 941
818 616
581 177
262 829
670 728
175 366
918 583
123 953
515 151
285 477
495 583
496 384
461 923
232 444
802 285
414 421
748 140
195 909
816 707
847 38
21 149
541 84
598 269
403 983
558 756
958 517
659 192
920 612
405 191
330 939
422 49
834 484
451 296
114 289
838 365
987 641
991 433
126 679
628 186
125 796
631 239
324 64
421 1
833 515
165 355
729 965
517 952
278 392
190 598
657 424
994 112
10 21
500 596
139 448
877 693
387 823
218 594
516 928
764 628
36 598
966 928
369 359
17 766
708 987
332 390
879 67
462 580
491 203
94 705
733 859
876 889
703 311
440 884
101 71
337 148
288 898
837 737
490 960
511 137
782 383
322 428
934 246
977 137
865 17
641 55
275 827
354 579
619 307
787 489
168 539
148 350
608 22
449 910
920 861
688 888
506 454
724 421
317 367
40 168
949 16
858 874
431 119
59 337
437 340
709 65
961 244
112 299
219 58
387 856
231 676
327 851
832 186
220 832
63 451
998 51
588 590
848 103
848 905
725 238
586 367
329 925
739 548
935 226
860 768
719 806
933 806
57 748
219 481
208 342
215 225
167 501
700 294
277 510
962 518
771 4
914 968
363 753
601 823
456 14
770 888
537 797
535 941
641 984
280 953
491 44
993 860
893 423
895 761
116 191
627 274
262 855
1 468
414 392
274 75
936 365
388 671
293 898
19 874
225 461
840 718
888 295
712 426
324 143
453 785
120 958
314 31
911 972
72 419
339 196
988 587
115 571
782 883
321 205
433 270
758 583
702 527
670 443
485 527
514 987
746 471
505 152
690 443
37 613
264 485
397 110
450 907
908 835
20 808
87 107
912 910
208 523
809 128
961 311
728 361
734 262
678 337
572 124
321 420
225 86
548 188
84 32
662 710
48 938
184 270
449 742
844 128
622 206
249 719
976 701
341 347
56 501
149 414
189 115
686 651
240 205
782 222
374 894
790 334
15 406
936 410
838 836
266 558
172 646
139 40
487 481
201 629
1 897
585 471
731 676
734 727
835 956
775 660
422 183
479 625
568 703
704 861
149 53
298 157
114 486
476 640
140 680
650 538
554 285
12 921
743 380
649 773
8 518
461 374
274 686
698 839
963 606
950 422
121 454
981 7
27 769
795 598
444 780
572 814
62 760
775 65
209 336
564 322
527 317
273 937
657 627
243 761
187 860
908 597
961 550
365 5
415 191
602 853
963 944
69 378
512 657
625 931
733 74
222 988
589 794
242 285
332 755
864 23
298 300
724 746
603 58
876 348
448 236
360 239
357 506
165 395
218 762
261 565
544 369
506 441
286 249
671 753
624 232
885 169
265 16
735 899
827 903
550 0
193 44
217 661
560 96
158 858
403 552
5 678
37 366
195 545
193 293
310 829
791 490
487 282
77 146
988 115
709 143
49 321
351 364
717 180
477 106
491 754
979 487
508 969
693 227
74 657
160 839
996 252
81 152
314 231
106 797
593 883
958 258
963 265
964 281
109 568
361 87
930 581
469 136
435 268
740 150
635 555
898 178
249 609
768 32
366 701
932 709
732 695
283 44
988 230
21 821
75 788
753 875
693 607
775 584
704 642
956 826
6 573
571 772
146 403
528 276
582 314
816 470
600 121
301 184
8 395
13 382
289 332
486 477
603 409
199 364
258 210
964 681
639 352
185 357
860 65
826 459
512 234
347 339
823 274
608 91
90 802
39 458
748 772
197 759
266 530
374 943
433 594
285 192
890 109
99 240
126 248
511 176
650 322
508 423
50 580
528 806
943 230
872 142
231 908
662 181
785 502
76 635
592 726
915 702
122 533
547 804
432 35
491 540
859 948
965 332
147 544
518 315
278 239
148 334
319 638
642 76
585 535
636 987
351 696
885 820
439 478
804 838
691 981
364 483
483 487
490 632
999 766
911 989
393 392
720 932
916 130
988 717
3 992
21 967
140 88
608 251
662 867
26 716
833 671
665 944
537 135
659 483
665 759
54 936
24 913
570 191
496 87
828 758
768 175
900 641
702 55
835 907
247 882
447 314
415 719
777 988
953 558
810 433
245 383
255 264
77 943
548 678
321 197
585 913
4 421
178 543
541 496
200 411
852 552
530 741
612 369
184 416
2 178
246 94
826 932
389 583
750 24
127 865
813 329
822 838
496 859
9 137
570 411
550 919
161 133
189 854
142 464
338 624
214 727
960 254
27 532
31 475
996 806
327 656
820 599
590 457
175 439
683 326
853 183
1 735
923 725
529 483
624 284
605 442
308 412
575 990
52 837
182 692
482 604
184 188
544 288
601 339
342 12
412 626
81 356
44 204
862 172
148 866
557 266
745 789
982 720
543 734
920 837
427 761
861 203
445 525
332 82
635 727
654 284
181 633
215 887
112 50
898 65
521 756
533 678
536 349
163 342
2 95
436 478
492 752
487 76
65 359
841 550
416 967
524 452
187 968
247 42
899 871
930 953
232 731
835 293
621 536
730 819
80 945
360 71
81 286
877 852
23 322
54 312
333 702
802 672
220 891
453 321
507 151
446 949
12 295
157 409
72 597
875 244
656 508
672 232
49 46
323 662
374 165
419 398
803 73
243 751
13 256
311 256
23 330
211 33
19 582
799 324
643 87
927 548
23 694
170 812
353 746
910 187
515 624
279 613
475 462
684 431
664 390
242 461
848 883
489 252
642 752
843 278
644 349
980 823
526 116
544 693
320 492
393 13
25 965
407 383
791 207
199 293
279 388
532 262
264 733
801 105
525 788
510 796
603 217
227 49
327 271
805 357
640 670
103 211
854 326
140 877
883 585
221 16
804 813
622 430
8 628
610 59
945 481
134 947
619 950
715 399
205 642
274 492
192 28
761 855
76 841
496 186
491 76
270 1
944 632
803 100
528 711
250 594
573 800
416 170
995 563
787 925
717 697
417 894
399 860
215 941
321 282
637 704
562 309
162 359
635 376
621 392
194 461
600 108
218 671
353 155
83 162
795 898
865 49
726 370
962 616
4 844
900 451
70 903
788 727
209 981
858 948
424 704
834 428
838 497
972 242
336 500
95 432
459 61
26 199
868 10
800 524
705 729
491 455
14 179
140 754
933 235
994 617
543 362
860 98
578 774
218 52
103 847
942 293
456 856
420 822
895 21
889 32
449 850
538 326
263 376
165 766
590 111
23 260
707 22
567 333
744 769
446 270
918 854
43 601
642 622
880 822
87 475
872 133
802 531
89 584
205 294
780 751
381 511
2 370
26 164
956 54
755 370
317 102
955 926
100 772
866 202
895 67
789 742
527 616
151 58
880 304
787 851
85 685
615 414
840 533
830 975
217 498
402 79
347 117
869 784
459 341
935 948
725 456
319 76
179 414
271 107
787 616
829 401
253 810
876 221
735 430
85 896
177 622
994 59
259 286
438 45
188 448
858 59
296 619
241 541
572 435
723 450
165 455
967 382
243 454
405 465
91 108
591 430
144 792
725 722
122 820
48 692
410 430
655 123
749 116
585 565
269 900
473 228
634 535
644 753
648 587
937 725
595 211
965 582
170 178
128 572
467 277
647 631
562 241
359 246
575 902
376 695
626 334
924 367
450 317
942 242
723 860
907 664
443 209
286 984
207 82
626 378
667 573
739 977
790 929
130 796
926 79
468 243
629 555
842 321
856 764
696 522
173 531
481 408
68 534
255 567
807 734
687 865
298 3
592 712
859 33
410 267
255 276
869 487
310 1
114 53
198 544
534 875
523 913
4 116
405 787
304 937
30 38
432 185
914 151
383 650
278 691
575 741
317 377
123 828
669 790
933 486
141 303
865 489
374 704
808 225
238 827
789 644
858 648
882 909
263 594
730 954
413 308
504 713
58 37
685 216
17 145
20 516
5 937
715 885
529 426
650 531
186 28
755 423
64 877
259 774
977 493
653 141
340 566
665 291
25 375
964 52
875 166
786 506
300 278
498 110
961 43
44 507
225 612
306 765
403 63
203 224
360 206
770 957
241 356
518 58
114 949
751 274
146 407
846 690
860 756
650 784
901 739
968 629
751 171
240 59
45 303
50 647
294 598
884 166
910 660
385 715
402 60
784 772
407 348
718 914
990 960
959 298
883 404
446 366
394 211
328 466
503 597
666 819
416 346
515 444
619 377
426 316
611 218
380 696
988 278
843 659
845 249
318 319
864 49
379 170
33 65
345 172
770 427
382 364
117 849
483 904
487 304
503 37
33 972
927 182
983 491
440 527
953 109
161 235
530 978
550 265
222 99
223 395
305 727
546 587
512 869
309 888
310 954
963 438
172 849
683 834
70 845
421 887
559 874
40 2
1 531
245 366
46 470
798 125
897 46
103 86
232 535
356 949
923 598
788 41
893 322
505 849
951 299
986 797
858 365
59 134
929 92
759 867
898 227
520 77
316 122
636 791
907 798
710 561
680 785
689 553
893 999
578 337
523 499
858 142
870 524
321 196
347 965
260 316
398 648
593 196
351 175
373 124
856 678
773 208
985 196
896 766
236 868
825 365
473 585
702 979
939 618
349 719
471 275
580 352
324 854
248 41
407 928
93 599
886 80
301 872
573 181
996 234
882 659
89 71
472 456
110 438
976 258
207 659
378 783
461 504
287 597
867 945
521 796
262 323
890 451
428 950
329 199
439 745
443 436
354 196
385 931
933 394
962 198
71 423
972 0
330 654
641 832
554 547
256 505
252 303
637 643
364 294
466 1
74 268
254 782
392 345
976 233
302 611
977 219
375 194
905 316
946 905
622 802
72 853
352 718
133 233
330 864
494 304
225 76
629 957
192 674
875 115
59 72
595 703
108 407
101 372
708 833
904 629
306 887
765 606
321 501
514 563
689 354
472 202
426 617
573 521
837 848
827 715
928 337
271 329
357 822
495 612
170 113
522 69
444 149
979 494
948 280
374 295
204 54
986 188
900 59
498 902
479 660
303 50
328 929
450 44
316 454
724 609
355 739
816 328
162 280
645 913
428 494
678 853
205 959
154 490
532 925
7 158
833 286
348 2
548 737
666 208
346 335
828 100
474 25
689 131
88 422
794 576
366 897
193 650
408 221
212 140
786 927
827 362
937 867
665 841
763 344
439 526
943 383
378 137
565 760
513 558
591 88
614 617
809 23
33 924
560 731
736 178
312 83
413 831
217 177
428 357
83 886
272 409
583 469
561 602
74 534
449 804
529 986
710 28
46 475
746 900
858 51
600 67
237 231
489 262
438 522
685 208
741 333
620 768
191 325
791 462
426 728
471 457
956 446
857 231
505 387
421 468
43 500
766 455
817 658
640 102
989 139
603 756
556 785
11 840
308 202
690 633
977 712
928 765
575 113
164 922
738 632
449 997
29 631
19 37
522 934
115 936
65 693
891 558
810 780
684 25
835 131
131 54
413 929
503 47
493 253
336 365
471 927
613 681
129 51
480 452
826 634
984 190
553 720
873 154
263 788
729 878
490 112
965 754
347 795
361 410
233 60
102 138
78 961
663 144
563 712
702 687
829 237
705 770
793 805
128 69
554 653
106 800
957 234
781 771
582 871
646 535
328 826
132 772
260 207
886 439
174 483
216 188
945 342
865 884
551 431
378 482
576 654
716 727
890 169
265 178
488 345
161 940
369 776
278 491
102 954
299 707
377 182
128 922
796 191
758 510
89 402
840 18
587 590
125 472
827 983
149 124
93 29
333 993
693 882
251 207
848 947
31 180
948 590
384 634
211 568
859 624
253 263
359 327
308 213
749 380
761 865
975 448
84 930
594 0
236 706
863 253
335 348
605 299
444 991
697 211
950 616
784 361
88 505
385 843
362 341
6 487
243 151
750 379
689 716
24 96
367 901
606 363
762 72
357 911
477 832
627 807
201 60
583 589
486 663
999 473
556 897
117 546
261 218
411 163
868 48
807 481
154 573
555 836
625 698
239 396
841 113
266 804
752 465
919 327
654 707
79 771
201 588
797 576
772 188
829 947
706 620
614 57
426 721
289 646
517 232
800 6
712 231
791 942
431 503
796 683
789 727
212 38
337 806
917 801
140 282
729 381
95 121
604 1
157 205
878 435
628 610
430 274
198 862
435 659
455 774
288 475
753 503
840 153
836 814
894 621
759 594
582 576
415 695
372 321
718 946
620 841
124 590
764 502
401 334
838 343
549 63
896 759
648 730
323 644
507 468
314 927
886 846
606 547
609 661
111 953
427 581
497 87
554 794
103 703
171 402
997 775
171 951
954 247
605 347
400 399
529 918
985 873
882 317
387 787
192 216
190 836
962 797
934 294
168 457
974 975
517 107
779 695
529 420
363 509
412 957
931 828
262 499
891 497
393 590
306 796
128 257
279 517
269 739
188 292
301 311
433 795
994 988
547 272
378 420
811 512
758 660
491 485
692 650
684 791
290 481
828 269
704 679
985 42
848 463
270 497
384 14
123 952
97 199
422 429
481 472
519 451
174 20
721 601
888 681
4 999
846 517
140 717
123 144
198 813
141 441
145 31
362 452
588 58
801 764
787 908
759 773
698 956
422 103
528 242
315 951
140 968
560 441
19 426
11 948
823 827
444 865
85 771
191 468
745 376
421 240
222 570
366 779
651 416
181 444
712 457
371 190
728 280
890 300
461 983
469 285
622 623
959 168
35 696
324 579
349 446
589 41
491 932
297 333
892 612
847 723
291 320
533 301
791 956
713 360
616 788
563 20
268 115
773 450
239 139
435 131
824 787
856 863
921 272
0 128
379 798
121 783
827 536
746 578
587 592
473 565
250 597
568 331
736 558
916 874
361 875
481 690
528 844
878 210
993 19
535 504
657 122
213 464
480 41
676 258
756 304
78 212
884 847
956 109
950 127
22 81
134 953
27 550
938 121
590 634
829 456
422 606
488 915
660 168
178 399
412 502
186 127
533 263
670 841
754 464
387 142
743 608
399 202
220 537
284 644
954 412
680 671
409 955
324 230
174 832
435 156
214 421
161 4
486 683
72 673
70 122
383 230
175 647
786 991
576 713
377 586
494 596
732 560
811 615
383 430
996 351
471 212
60 525
550 677
378 54
133 505
947 116
614 687
164 355
816 248
204 667
50 350
51 164
256 343
371 986
83 4
228 403
879 756
992 920
969 648
285 711
748 582
482 718
145 823
762 612
306 676
95 524
859 757
223 119
504 946
76 876
208 240
356 517
425 928
26 601
468 109
932 441
757 383
715 973
388 993
293 560
235 752
641 245
346 662
220 243
578 956
228 641
6 471
338 395
911 404
663 989
229 856
965 444
290 16
769 31
620 399
575 920
831 126
207 128
900 88
205 543
429 468
247 577
28 95
94 767
305 22
183 955
255 615
608 860
406 439
609 343
350 923
584 401
874 567
797 241
750 165
250 228
784 77
300 941
213 643
736 543
2 633
135 879
683 858
99 315
450 858
217 622
104 270
707 741
372 877
167 579
501 533
235 350
913 478
507 633
942 35
809 891
909 731
607 51
752 607
952 368
864 812
546 534
592 204
767 694
600 908
588 606
48 222
29 98
822 957
426 761
836 73
456 436
574 534
315 701
310 491
703 203
862 555
960 517
578 957
973 110
704 371
89 46
495 195
945 396
685 787
616 933
778 53
97 540
237 213
143 25
407 767
247 779
974 475
986 197
524 417
301 259
296 621
141 663
904 409
954 19
298 944
192 679
22 170
66 437
74 8
776 119
496 415
445 884
514 938
677 733
635 866
926 390
867 614
951 618
195 139
828 796
710 833
294 54
676 552
97 150
883 678
66 641
688 746
382 729
638 685
229 508
511 403
931 123
137 392
190 4
150 584
640 503
37 319
524 649
239 411
730 291
656 110
811 341
663 605
757 890
498 219
474 693
437 898
530 306
494 425
942 357
269 561
725 411
752 240
801 901
266 694
736 654
992 151
397 734
203 795
316 517
186 147
84 728
554 417
729 880
864 111
712 256
547 551
140 805
791 113
156 789
306 10
845 996
199 484
63 793
428 216
623 446
577 985
821 2
512 940
150 785
756 78
275 66
244 358
51 108
699 710
201 42
277 453
682 783
632 567
820 760
48 707
841 144
526 339
453 970
786 684
342 359
14 217
742 817
333 109
690 335
40 24
504 561
900 831
103 996
850 221
120 115
432 555
656 78
978 97
456 35
841 3
157 873
902 907
776 375
692 920
335 646
25 9
747 230
385 267
151 376
754 777
678 880
832 982
649 305
37 6
885 380
944 433
770 777
211 83
802 352
133 862
622 781
113 174
958 369
40 29
469 402
642 526
947 715
914 859
66 549
615 992
259 544
438 917
143 176
197 554
686 579
762 466
251 553
193 946
6 536
430 21
315 86
741 256
406 470
536 771
989 734
252 196
755 261
874 691
563 931
982 867
904 954
330 120
869 730
398 385
572 812
513 89
602 884
899 514
227 590
80 841
381 527
8 914
511 989
756 67
722 691
568 648
700 305
782 937
279 48
999 189
812 72
156 355
552 345
902 319
128 694
379 13
173 170
878 787
264 221
216 636
732 236
38 486
881 386
696 652
469 700
534 269
16 589
602 756
653 786
571 777
992 101
28 693
645 636
114 682
812 147
197 357
398 80
743 72
79 56
36 857
936 517
138 512
9 781
669 688
456 973
305 767
411 869
563 547
370 395
397 644
455 837
376 351
294 406
1 494
842 203
151 417
343 184
577 167
475 138
315 793
871 199
300 209
65 314
333 589
368 745
308 655
15 673
322 140
826 568
230 875
399 548
319 917
372 843
546 704
502 958
763 859
618 780
536 200
587 886
842 733
755 329
347 325
615 366
668 424
291 180
160 990
228 65
890 443
488 261
540 405
248 515
135 928
205 589
546 174
115 21
435 582
778 170
311 495
71 65
240 825
949 214
432 466
528 394
588 407
989 475
241 474
603 721
826 973
694 368
90 255
131 827
930 873
919 525
469 201
575 678
14 908
566 887
856 159
695 898
959 518
630 656
31 766
354 317
765 99
767 739
396 963
625 894
478 450
631 78
792 807
437 720
535 488
631 171
239 230
829 369
384 894
135 136
2 805
187 724
931 89
165 739
469 754
358 722
28 939
500 274
706 672
378 676
257 945
391 49
641 687
842 641
920 272
657 248
479 451
288 399
65 617
651 451
989 706
873 864
162 689
69 858
857 128
874 51
153 189
691 607
480 57
692 210
278 176
892 561
243 792
934 231
393 405
74 102
178 716
124 104
709 656
893 797
450 69
513 523
966 365
483 24
270 389
460 669
112 629
138 571
652 560
900 335
329 909
951 121
622 407
551 734
195 575
4 407
16 525
144 51
695 534
109 174
796 185
518 920
601 474
323 201
4 827
145 242
473 534
104 842
687 444
154 239
51 274
37 280
953 379
932 442
343 56
462 246
523 419
748 544
156 517
871 209
485 125
78 764
529 79
35 22
325 291
304 976
590 212
111 50
847 188
725 833
801 374
88 126
722 414
800 962
519 597
97 827
685 6
811 704
641 246
676 762
611 836
72 257
585 16
478 823
475 777
57 657
765 207
250 153
917 489
268 363
944 159
252 147
463 190
385 562
627 587
322 778
625 680
91 425
526 113
5 830
515 313
148 593
494 500
510 296
334 894
669 443
756 880
397 713
417 876
830 8
179 903
821 253
576 99
654 183
795 40
764 644
663 297
644 687
325 699
40 20
335 61
964 802
405 686
935 855
320 566
569 305
352 291
537 192
983 179
895 37
705 713
164 425
56 483
247 694
939 791
309 496
218 221
226 369
222 769
742 427
557 899
429 48
665 346
751 533
114 351
153 154
872 124
744 582
201 432
556 205
247 269
742 385
158 591
735 303
893 647
640 685
933 708
626 889
213 347
419 413
567 74
956 197
55 909
963 745
635 773
463 398
611 322
814 329
461 257
696 39
214 36
107 257
574 323
737 361
265 184
288 377
854 488
854 904
230 90
435 373
232 946
677 107
243 902
51 941
390 630
669 902
750 989
452 101
107 361
178 364
666 123
180 381
179 22
651 999
874 384
618 559
468 170
426 582
944 437
845 189
458 351
2 600
18 309
770 623
206 609
636 22
357 166
96 422
821 849
927 220
745 498
743 110
871 238
402 615
910 364
959 951
16 690
504 605
521 919
332 201
568 787
348 579
555 392
558 227
838 725
944 694
995 364
526 462
210 294
794 356
532 626
33 136
599 731
570 213
797 52
897 234
873 665
910 997
347 739
792 132
424 605
496 670
756 172
916 847
445 984
492 27
858 609
128 650
758 931
882 107
239 379
382 788
219 816
851 882
936 778
499 306
558 251
607 475
726 162
795 653
177 782
645 976
337 902
826 817
82 242
601 11
870 897
336 181
422 66
363 620
481 155
614 86
158 147
697 469
248 550
504 892
916 540
270 901
491 755
594 443
9 688
781 419
569 910
33 411
668 277
952 492
313 411
684 832
167 831
110 355
931 268
237 195
319 19
206 68
432 421
785 837
5 52
62 27
814 9
705 186
212 732
839 824
345 63
281 767
137 440
821 769
856 903
285 483
568 948
457 184
540 865
929 541
230 946
315 741
286 514
325 776
820 811
494 69
402 158
440 296
275 428
966 429
494 915
170 725
590 272
668 317
124 837
500 689
193 350
106 663
245 839
927 541
420 95
565 488
701 874
659 370
718 284
729 873
673 563
932 66
370 993
995 387
377 770
996 444
89 192
524 97
185 957
21 138
836 655
326 45
581 127
353 874
626 220
755 16
108 952
631 476
296 889
313 248
900 3
889 348
772 693
628 187
681 127
276 991
150 170
297 498
255 538
142 562
739 320
578 466
588 31
214 363
249 398
954 314
96 102
843 683
153 254
470 157
332 406
607 364
807 882
506 431
745 133
520 458
256 507
696 651
675 594
763 309
962 113
587 380
233 54
92 640
298 551
127 979
169 36
790 861
95 780
537 92
18 556
63 763
636 960
90 669
905 10
265 680
586 353
609 412
26 583
885 778
766 266
804 802
404 782
668 924
413 547
211 239
749 408
308 161
710 626
507 296
864 9
603 206
471 888
173 166
172 253
31 533
903 7
349 420
617 498
612 750
352 762
457 750
109 821
942 80
137 247
625 38
165 689
321 862
854 63
894 855
563 897
228 77
364 384
951 633
690 392
857 55
668 343
793 979
44 631
318 948
572 937
864 784
952 861
15 344
934 45
645 784
824 184
80 361
599 346
416 352
249 593
809 868
413 31
245 38
643 734
124 336
758 550
932 156
819 502
164 413
990 103
624 60
429 379
800 983
889 264
872 745
415 282
969 148
335 677
750 368
732 938
52 375
336 988
278 923
263 914
741 345
877 831
617 226
251 881
119 563
894 910
690 939
152 665
286 850
795 563
219 149
116 867
447 993
347 838
84 37
418 443
366 434
210 525
353 286
473 107
839 478
148 400
444 420
103 46
868 977
213 150
152 261
527 800
570 686
439 905
486 928
880 25
726 369
583 126
747 838
44 501
280 512
360 79
658 359
773 217
688 479
775 106
104 688
416 621
749 558
397 255
501 335
83 588
574 66
659 453
782 68
775 626
909 749
866 764
976 66
163 859
325 661
839 182
478 237
803 322
334 319
225 495
316 277
567 10
497 73
661 171
327 379
120 869
272 792
419 32
343 788
540 340
784 410
25 775
574 903
980 989
237 23
747 189
704 602
592 629
899 905
724 462
830 923
663 740
760 939
448 146
620 95
125 91
246 810
246 889
352 147
671 127
307 784
975 245
565 696
144 402
475 936
59 798
597 295
320 533
75 638
410 818
627 644
340 10
334 450
683 622
983 174
644 362
604 377
27 226
373 566
140 758
234 232
186 450
55 799
638 463
281 153
102 492
431 142
674 300
909 750
751 974
445 419
812 703
501 256
229 695
174 853
443 583
79 621
567 911
718 516
477 272
358 255
931 373
516 798
425 302
520 505
183 15
597 982
5 838
228 25
929 792
571 699
992 564
894 627
843 889
730 246
307 804
621 969
846 398
219 428
455 47
937 582
174 291
805 717
327 740
731 729
385 49
449 795
162 279
191 95
247 961
43 643
588 334
894 901
224 371
617 796
553 980
544 319
624 558
108 266
220 211
810 417
942 933
993 189
642 135
219 528
742 286
201 467
43 294
271 877
140 62
94 42
932 632
954 895
224 367
540 90
111 336
978 849
676 73
846 500
349 122
504 285
297 155
217 308
318 897
647 54
36 548
484 442
511 503
849 931
872 618
118 309
286 878
892 984
234 1
996 172
675 803
604 409
637 746
116 153
18 613
937 256
362 828
39 907
187 334
604 317
75 600
778 904
781 942
806 198
711 979
467 94
894 728
86 648
213 419
859 325
186 940
921 163
102 417
349 354
62 766
971 912
652 687
577 60
980 172
186 765
699 517
352 127
899 409
792 74
628 783
259 792
166 590
401 463
506 542
637 642
743 959
361 947
639 706
435 612
877 937
785 207
458 14
513 991
781 457
338 268
20 707
253 312
782 567
138 6
390 446
100 685
811 189
643 354
263 94
406 164
315 459
731 759
181 911
57 223
221 367
5 409
444 63
281 500
867 40
795 714
177 123
974 491
792 127
883 241
844 748
378 602
990 71
673 489
53 634
369 38
507 554
313 210
618 118
679 646
526 299
266 617
186 74
245 429
387 344
768 777
865 18
738 906
98 191
452 504
460 733
666 214
397 837
486 807
713 880
18 56
377 489
859 22
983 313
861 41
843 423
934 11
816 587
23 12
867 642
726 346
814 946
97 922
40 261
77 843
526 932
388 44
509 557
218 867
820 469
971 523
717 549
375 844
966 255
921 259
172 986
52 696
9 477
137 71
688 516
514 801
43 399
346 209
882 131
216 611
884 895
909 110
624 981
48 835
790 762
429 675
852 616
636 379
916 414
577 34
469 422
427 403
160 901
952 567
128 656
212 844
268 66
264 61
904 707
418 94
221 732
337 15
381 555
166 450
173 959
156 814
648 535
592 181
194 796
626 320
90 160
551 318
563 219
772 622
625 722
553 327
66 698
594 70
417 543
376 11
738 267
416 524
766 373
462 936
598 230
771 471
546 137
695 658
426 68
830 189
286 461
762 308
424 701
582 395
499 866
910 960
334 577
417 540
350 701
661 31
34 917
473 0
153 894
43 967
473 351
783 739
640 763
649 124
710 507
112 884
466 216
388 703
146 473
619 544
979 88
310 185
946 512
179 255
144 806
916 48
597 710
379 187
453 791
317 797
298 590
919 767
53 0
878 150
737 716
782 153
589 641
151 387
967 426
981 474
391 998
286 613
284 920
952 395
88 913
761 51
769 916
514 722
340 544
833 928
601 639
617 706
819 164
641 482
592 177
929 380
641 463
24 764
554 907
364 212
932 427
563 720
339 203
366 324
656 618
285 765
551 425
414 89
38 812
607 157
