5000 9850 3619 2709
0 1
0 100
1 2
1 101
2 3
2 102
3 4
3 103
4 5
4 104
5 6
5 105
6 7
6 106
7 8
7 107
8 9
8 108
9 10
9 109
10 11
10 110
11 12
11 111
12 13
12 112
13 14
13 113
14 15
14 114
15 16
15 115
16 17
16 116
17 18
17 117
18 19
18 118
19 20
19 119
20 21
20 120
21 22
21 121
22 23
22 122
23 24
23 123
24 25
24 124
25 26
25 125
26 27
26 126
27 28
27 127
28 29
28 128
29 30
29 129
30 31
30 130
31 32
31 131
32 33
32 132
33 34
33 133
34 35
34 134
35 36
35 135
36 37
36 136
37 38
37 137
38 39
38 138
39 40
39 139
40 41
40 140
41 42
41 141
42 43
42 142
43 44
43 143
44 45
44 144
45 46
45 145
46 47
46 146
47 48
47 147
48 49
48 148
49 50
49 149
50 51
50 150
51 52
51 151
52 53
52 152
53 54
53 153
54 55
54 154
55 56
55 155
56 57
56 156
57 58
57 157
58 59
58 158
59 60
59 159
60 61
60 160
61 62
61 161
62 63
62 162
63 64
63 163
64 65
64 164
65 66
65 165
66 67
66 166
67 68
67 167
68 69
68 168
69 70
69 169
70 71
70 170
71 72
71 171
72 73
72 172
73 74
73 173
74 75
74 174
75 76
75 175
76 77
76 176
77 78
77 177
78 79
78 178
79 80
79 179
80 81
80 180
81 82
81 181
82 83
82 182
83 84
83 183
84 85
84 184
85 86
85 185
86 87
86 186
87 88
87 187
88 89
88 188
89 90
89 189
90 91
90 190
91 92
91 191
92 93
92 192
93 94
93 193
94 95
94 194
95 96
95 195
96 97
96 196
97 98
97 197
98 99
98 198
99 199
100 101
100 200
101 102
101 201
102 103
102 202
103 104
103 203
104 105
104 204
105 106
105 205
106 107
106 206
107 108
107 207
108 109
108 208
109 110
109 209
110 111
110 210
111 112
111 211
112 113
112 212
113 114
113 213
114 115
114 214
115 116
115 215
116 117
116 216
117 118
117 217
118 119
118 218
119 120
119 219
120 121
120 220
121 122
121 221
122 123
122 222
123 124
123 223
124 125
124 224
125 126
125 225
126 127
126 226
127 128
127 227
128 129
128 228
129 130
129 229
130 131
130 230
131 132
131 231
132 133
132 232
133 134
133 233
134 135
134 234
135 136
135 235
136 137
136 236
137 138
137 237
138 139
138 238
139 140
139 239
140 141
140 240
141 142
141 241
142 143
142 242
143 144
143 243
144 145
144 244
145 146
145 245
146 147
146 246
147 148
147 247
148 149
148 248
149 150
149 249
150 151
150 250
151 152
151 251
152 153
152 252
153 154
153 253
154 155
154 254
155 156
155 255
156 157
156 256
157 158
157 257
158 159
158 258
159 160
159 259
160 161
160 260
161 162
161 261
162 163
162 262
163 164
163 263
164 165
164 264
165 166
165 265
166 167
166 266
167 168
167 267
168 169
168 268
169 170
169 269
170 171
170 270
171 172
171 271
172 173
172 272
173 174
173 273
174 175
174 274
175 176
175 275
176 177
176 276
177 178
177 277
178 179
178 278
179 180
179 279
180 181
180 280
181 182
181 281
182 183
182 282
183 184
183 283
184 185
184 284
185 186
185 285
186 187
186 286
187 188
187 287
188 189
188 288
189 190
189 289
190 191
190 290
191 192
191 291
192 193
192 292
193 194
193 293
194 195
194 294
195 196
195 295
196 197
196 296
197 198
197 297
198 199
198 298
199 299
200 201
200 300
201 202
201 301
202 203
202 302
203 204
203 303
204 205
204 304
205 206
205 305
206 207
206 306
207 208
207 307
208 209
208 308
209 210
209 309
210 211
210 310
211 212
211 311
212 213
212 312
213 214
213 313
214 215
214 314
215 216
215 315
216 217
216 316
217 218
217 317
218 219
218 318
219 220
219 319
220 221
220 320
221 222
221 321
222 223
222 322
223 224
223 323
224 225
224 324
225 226
225 325
226 227
226 326
227 228
227 327
228 229
228 328
229 230
229 329
230 231
230 330
231 232
231 331
232 233
232 332
233 234
233 333
234 235
234 334
235 236
235 335
236 237
236 336
237 238
237 337
238 239
238 338
239 240
239 339
240 241
240 340
241 242
241 341
242 243
242 342
243 244
243 343
244 245
244 344
245 246
245 345
246 247
246 346
247 248
247 347
248 249
248 348
249 250
249 349
250 251
250 350
251 252
251 351
252 253
252 352
253 254
253 353
254 255
254 354
255 256
255 355
256 257
256 356
257 258
257 357
258 259
258 358
259 260
259 359
260 261
260 360
261 262
261 361
262 263
262 362
263 264
263 363
264 265
264 364
265 266
265 365
266 267
266 366
267 268
267 367
268 269
268 368
269 270
269 369
270 271
270 370
271 272
271 371
272 273
272 372
273 274
273 373
274 275
274 374
275 276
275 375
276 277
276 376
277 278
277 377
278 279
278 378
279 280
279 379
280 281
280 380
281 282
281 381
282 283
282 382
283 284
283 383
284 285
284 384
285 286
285 385
286 287
286 386
287 288
287 387
288 289
288 388
289 290
289 389
290 291
290 390
291 292
291 391
292 293
292 392
293 294
293 393
294 295
294 394
295 296
295 395
296 297
296 396
297 298
297 397
298 299
298 398
299 399
300 301
300 400
301 302
301 401
302 303
302 402
303 304
303 403
304 305
304 404
305 306
305 405
306 307
306 406
307 308
307 407
308 309
308 408
309 310
309 409
310 311
310 410
311 312
311 411
312 313
312 412
313 314
313 413
314 315
314 414
315 316
315 415
316 317
316 416
317 318
317 417
318 319
318 418
319 320
319 419
320 321
320 420
321 322
321 421
322 323
322 422
323 324
323 423
324 325
324 424
325 326
325 425
326 327
326 426
327 328
327 427
328 329
328 428
329 330
329 429
330 331
330 430
331 332
331 431
332 333
332 432
333 334
333 433
334 335
334 434
335 336
335 435
336 337
336 436
337 338
337 437
338 339
338 438
339 340
339 439
340 341
340 440
341 342
341 441
342 343
342 442
343 344
343 443
344 345
344 444
345 346
345 445
346 347
346 446
347 348
347 447
348 349
348 448
349 350
349 449
350 351
350 450
351 352
351 451
352 353
352 452
353 354
353 453
354 355
354 454
355 356
355 455
356 357
356 456
357 358
357 457
358 359
358 458
359 360
359 459
360 361
360 460
361 362
361 461
362 363
362 462
363 364
363 463
364 365
364 464
365 366
365 465
366 367
366 466
367 368
367 467
368 369
368 468
369 370
369 469
370 371
370 470
371 372
371 471
372 373
372 472
373 374
373 473
374 375
374 474
375 376
375 475
376 377
376 476
377 378
377 477
378 379
378 478
379 380
379 479
380 381
380 480
381 382
381 481
382 383
382 482
383 384
383 483
384 385
384 484
385 386
385 485
386 387
386 486
387 388
387 487
388 389
388 488
389 390
389 489
390 391
390 490
391 392
391 491
392 393
392 492
393 394
393 493
394 395
394 494
395 396
395 495
396 397
396 496
397 398
397 497
398 399
398 498
399 499
400 401
400 500
401 402
401 501
402 403
402 502
403 404
403 503
404 405
404 504
405 406
405 505
406 407
406 506
407 408
407 507
408 409
408 508
409 410
409 509
410 411
410 510
411 412
411 511
412 413
412 512
413 414
413 513
414 415
414 514
415 416
415 515
416 417
416 516
417 418
417 517
418 419
418 518
419 420
419 519
420 421
420 520
421 422
421 521
422 423
422 522
423 424
423 523
424 425
424 524
425 426
425 525
426 427
426 526
427 428
427 527
428 429
428 528
429 430
429 529
430 431
430 530
431 432
431 531
432 433
432 532
433 434
433 533
434 435
434 534
435 436
435 535
436 437
436 536
437 438
437 537
438 439
438 538
439 440
439 539
440 441
440 540
441 442
441 541
442 443
442 542
443 444
443 543
444 445
444 544
445 446
445 545
446 447
446 546
447 448
447 547
448 449
448 548
449 450
449 549
450 451
450 550
451 452
451 551
452 453
452 552
453 454
453 553
454 455
454 554
455 456
455 555
456 457
456 556
457 458
457 557
458 459
458 558
459 460
459 559
460 461
460 560
461 462
461 561
462 463
462 562
463 464
463 563
464 465
464 564
465 466
465 565
466 467
466 566
467 468
467 567
468 469
468 568
469 470
469 569
470 471
470 570
471 472
471 571
472 473
472 572
473 474
473 573
474 475
474 574
475 476
475 575
476 477
476 576
477 478
477 577
478 479
478 578
479 480
479 579
480 481
480 580
481 482
481 581
482 483
482 582
483 484
483 583
484 485
484 584
485 486
485 585
486 487
486 586
487 488
487 587
488 489
488 588
489 490
489 589
490 491
490 590
491 492
491 591
492 493
492 592
493 494
493 593
494 495
494 594
495 496
495 595
496 497
496 596
497 498
497 597
498 499
498 598
499 599
500 501
500 600
501 502
501 601
502 503
502 602
503 504
503 603
504 505
504 604
505 506
505 605
506 507
506 606
507 508
507 607
508 509
508 608
509 510
509 609
510 511
510 610
511 512
511 611
512 513
512 612
513 514
513 613
514 515
514 614
515 516
515 615
516 517
516 616
517 518
517 617
518 519
518 618
519 520
519 619
520 521
520 620
521 522
521 621
522 523
522 622
523 524
523 623
524 525
524 624
525 526
525 625
526 527
526 626
527 528
527 627
528 529
528 628
529 530
529 629
530 531
530 630
531 532
531 631
532 533
532 632
533 534
533 633
534 535
534 634
535 536
535 635
536 537
536 636
537 538
537 637
538 539
538 638
539 540
539 639
540 541
540 640
541 542
541 641
542 543
542 642
543 544
543 643
544 545
544 644
545 546
545 645
546 547
546 646
547 548
547 647
548 549
548 648
549 550
549 649
550 551
550 650
551 552
551 651
552 553
552 652
553 554
553 653
554 555
554 654
555 556
555 655
556 557
556 656
557 558
557 657
558 559
558 658
559 560
559 659
560 561
560 660
561 562
561 661
562 563
562 662
563 564
563 663
564 565
564 664
565 566
565 665
566 567
566 666
567 568
567 667
568 569
568 668
569 570
569 669
570 571
570 670
571 572
571 671
572 573
572 672
573 574
573 673
574 575
574 674
575 576
575 675
576 577
576 676
577 578
577 677
578 579
578 678
579 580
579 679
580 581
580 680
581 582
581 681
582 583
582 682
583 584
583 683
584 585
584 684
585 586
585 685
586 587
586 686
587 588
587 687
588 589
588 688
589 590
589 689
590 591
590 690
591 592
591 691
592 593
592 692
593 594
593 693
594 595
594 694
595 596
595 695
596 597
596 696
597 598
597 697
598 599
598 698
599 699
600 601
600 700
601 602
601 701
602 603
602 702
603 604
603 703
604 605
604 704
605 606
605 705
606 607
606 706
607 608
607 707
608 609
608 708
609 610
609 709
610 611
610 710
611 612
611 711
612 613
612 712
613 614
613 713
614 615
614 714
615 616
615 715
616 617
616 716
617 618
617 717
618 619
618 718
619 620
619 719
620 621
620 720
621 622
621 721
622 623
622 722
623 624
623 723
624 625
624 724
625 626
625 725
626 627
626 726
627 628
627 727
628 629
628 728
629 630
629 729
630 631
630 730
631 632
631 731
632 633
632 732
633 634
633 733
634 635
634 734
635 636
635 735
636 637
636 736
637 638
637 737
638 639
638 738
639 640
639 739
640 641
640 740
641 642
641 741
642 643
642 742
643 644
643 743
644 645
644 744
645 646
645 745
646 647
646 746
647 648
647 747
648 649
648 748
649 650
649 749
650 651
650 750
651 652
651 751
652 653
652 752
653 654
653 753
654 655
654 754
655 656
655 755
656 657
656 756
657 658
657 757
658 659
658 758
659 660
659 759
660 661
660 760
661 662
661 761
662 663
662 762
663 664
663 763
664 665
664 764
665 666
665 765
666 667
666 766
667 668
667 767
668 669
668 768
669 670
669 769
670 671
670 770
671 672
671 771
672 673
672 772
673 674
673 773
674 675
674 774
675 676
675 775
676 677
676 776
677 678
677 777
678 679
678 778
679 680
679 779
680 681
680 780
681 682
681 781
682 683
682 782
683 684
683 783
684 685
684 784
685 686
685 785
686 687
686 786
687 688
687 787
688 689
688 788
689 690
689 789
690 691
690 790
691 692
691 791
692 693
692 792
693 694
693 793
694 695
694 794
695 696
695 795
696 697
696 796
697 698
697 797
698 699
698 798
699 799
700 701
700 800
701 702
701 801
702 703
702 802
703 704
703 803
704 705
704 804
705 706
705 805
706 707
706 806
707 708
707 807
708 709
708 808
709 710
709 809
710 711
710 810
711 712
711 811
712 713
712 812
713 714
713 813
714 715
714 814
715 716
715 815
716 717
716 816
717 718
717 817
718 719
718 818
719 720
719 819
720 721
720 820
721 722
721 821
722 723
722 822
723 724
723 823
724 725
724 824
725 726
725 825
726 727
726 826
727 728
727 827
728 729
728 828
729 730
729 829
730 731
730 830
731 732
731 831
732 733
732 832
733 734
733 833
734 735
734 834
735 736
735 835
736 737
736 836
737 738
737 837
738 739
738 838
739 740
739 839
740 741
740 840
741 742
741 841
742 743
742 842
743 744
743 843
744 745
744 844
745 746
745 845
746 747
746 846
747 748
747 847
748 749
748 848
749 750
749 849
750 751
750 850
751 752
751 851
752 753
752 852
753 754
753 853
754 755
754 854
755 756
755 855
756 757
756 856
757 758
757 857
758 759
758 858
759 760
759 859
760 761
760 860
761 762
761 861
762 763
762 862
763 764
763 863
764 765
764 864
765 766
765 865
766 767
766 866
767 768
767 867
768 769
768 868
769 770
769 869
770 771
770 870
771 772
771 871
772 773
772 872
773 774
773 873
774 775
774 874
775 776
775 875
776 777
776 876
777 778
777 877
778 779
778 878
779 780
779 879
780 781
780 880
781 782
781 881
782 783
782 882
783 784
783 883
784 785
784 884
785 786
785 885
786 787
786 886
787 788
787 887
788 789
788 888
789 790
789 889
790 791
790 890
791 792
791 891
792 793
792 892
793 794
793 893
794 795
794 894
795 796
795 895
796 797
796 896
797 798
797 897
798 799
798 898
799 899
800 801
800 900
801 802
801 901
802 803
802 902
803 804
803 903
804 805
804 904
805 806
805 905
806 807
806 906
807 808
807 907
808 809
808 908
809 810
809 909
810 811
810 910
811 812
811 911
812 813
812 912
813 814
813 913
814 815
814 914
815 816
815 915
816 817
816 916
817 818
817 917
818 819
818 918
819 820
819 919
820 821
820 920
821 822
821 921
822 823
822 922
823 824
823 923
824 825
824 924
825 826
825 925
826 827
826 926
827 828
827 927
828 829
828 928
829 830
829 929
830 831
830 930
831 832
831 931
832 833
832 932
833 834
833 933
834 835
834 934
835 836
835 935
836 837
836 936
837 838
837 937
838 839
838 938
839 840
839 939
840 841
840 940
841 842
841 941
842 843
842 942
843 844
843 943
844 845
844 944
845 846
845 945
846 847
846 946
847 848
847 947
848 849
848 948
849 850
849 949
850 851
850 950
851 852
851 951
852 853
852 952
853 854
853 953
854 855
854 954
855 856
855 955
856 857
856 956
857 858
857 957
858 859
858 958
859 860
859 959
860 861
860 960
861 862
861 961
862 863
862 962
863 864
863 963
864 865
864 964
865 866
865 965
866 867
866 966
867 868
867 967
868 869
868 968
869 870
869 969
870 871
870 970
871 872
871 971
872 873
872 972
873 874
873 973
874 875
874 974
875 876
875 975
876 877
876 976
877 878
877 977
878 879
878 978
879 880
879 979
880 881
880 980
881 882
881 981
882 883
882 982
883 884
883 983
884 885
884 984
885 886
885 985
886 887
886 986
887 888
887 987
888 889
888 988
889 890
889 989
890 891
890 990
891 892
891 991
892 893
892 992
893 894
893 993
894 895
894 994
895 896
895 995
896 897
896 996
897 898
897 997
898 899
898 998
899 999
900 901
900 1000
901 902
901 1001
902 903
902 1002
903 904
903 1003
904 905
904 1004
905 906
905 1005
906 907
906 1006
907 908
907 1007
908 909
908 1008
909 910
909 1009
910 911
910 1010
911 912
911 1011
912 913
912 1012
913 914
913 1013
914 915
914 1014
915 916
915 1015
916 917
916 1016
917 918
917 1017
918 919
918 1018
919 920
919 1019
920 921
920 1020
921 922
921 1021
922 923
922 1022
923 924
923 1023
924 925
924 1024
925 926
925 1025
926 927
926 1026
927 928
927 1027
928 929
928 1028
929 930
929 1029
930 931
930 1030
931 932
931 1031
932 933
932 1032
933 934
933 1033
934 935
934 1034
935 936
935 1035
936 937
936 1036
937 938
937 1037
938 939
938 1038
939 940
939 1039
940 941
940 1040
941 942
941 1041
942 943
942 1042
943 944
943 1043
944 945
944 1044
945 946
945 1045
946 947
946 1046
947 948
947 1047
948 949
948 1048
949 950
949 1049
950 951
950 1050
951 952
951 1051
952 953
952 1052
953 954
953 1053
954 955
954 1054
955 956
955 1055
956 957
956 1056
957 958
957 1057
958 959
958 1058
959 960
959 1059
960 961
960 1060
961 962
961 1061
962 963
962 1062
963 964
963 1063
964 965
964 1064
965 966
965 1065
966 967
966 1066
967 968
967 1067
968 969
968 1068
969 970
969 1069
970 971
970 1070
971 972
971 1071
972 973
972 1072
973 974
973 1073
974 975
974 1074
975 976
975 1075
976 977
976 1076
977 978
977 1077
978 979
978 1078
979 980
979 1079
980 981
980 1080
981 982
981 1081
982 983
982 1082
983 984
983 1083
984 985
984 1084
985 986
985 1085
986 987
986 1086
987 988
987 1087
988 989
988 1088
989 990
989 1089
990 991
990 1090
991 992
991 1091
992 993
992 1092
993 994
993 1093
994 995
994 1094
995 996
995 1095
996 997
996 1096
997 998
997 1097
998 999
998 1098
999 1099
1000 1001
1000 1100
1001 1002
1001 1101
1002 1003
1002 1102
1003 1004
1003 1103
1004 1005
1004 1104
1005 1006
1005 1105
1006 1007
1006 1106
1007 1008
1007 1107
1008 1009
1008 1108
1009 1010
1009 1109
1010 1011
1010 1110
1011 1012
1011 1111
1012 1013
1012 1112
1013 1014
1013 1113
1014 1015
1014 1114
1015 1016
1015 1115
1016 1017
1016 1116
1017 1018
1017 1117
1018 1019
1018 1118
1019 1020
1019 1119
1020 1021
1020 1120
1021 1022
1021 1121
1022 1023
1022 1122
1023 1024
1023 1123
1024 1025
1024 1124
1025 1026
1025 1125
1026 1027
1026 1126
1027 1028
1027 1127
1028 1029
1028 1128
1029 1030
1029 1129
1030 1031
1030 1130
1031 1032
1031 1131
1032 1033
1032 1132
1033 1034
1033 1133
1034 1035
1034 1134
1035 1036
1035 1135
1036 1037
1036 1136
1037 1038
1037 1137
1038 1039
1038 1138
1039 1040
1039 1139
1040 1041
1040 1140
1041 1042
1041 1141
1042 1043
1042 1142
1043 1044
1043 1143
1044 1045
1044 1144
1045 1046
1045 1145
1046 1047
1046 1146
1047 1048
1047 1147
1048 1049
1048 1148
1049 1050
1049 1149
1050 1051
1050 1150
1051 1052
1051 1151
1052 1053
1052 1152
1053 1054
1053 1153
1054 1055
1054 1154
1055 1056
1055 1155
1056 1057
1056 1156
1057 1058
1057 1157
1058 1059
1058 1158
1059 1060
1059 1159
1060 1061
1060 1160
1061 1062
1061 1161
1062 1063
1062 1162
1063 1064
1063 1163
1064 1065
1064 1164
1065 1066
1065 1165
1066 1067
1066 1166
1067 1068
1067 1167
1068 1069
1068 1168
1069 1070
1069 1169
1070 1071
1070 1170
1071 1072
1071 1171
1072 1073
1072 1172
1073 1074
1073 1173
1074 1075
1074 1174
1075 1076
1075 1175
1076 1077
1076 1176
1077 1078
1077 1177
1078 1079
1078 1178
1079 1080
1079 1179
1080 1081
1080 1180
1081 1082
1081 1181
1082 1083
1082 1182
1083 1084
1083 1183
1084 1085
1084 1184
1085 1086
1085 1185
1086 1087
1086 1186
1087 1088
1087 1187
1088 1089
1088 1188
1089 1090
1089 1189
1090 1091
1090 1190
1091 1092
1091 1191
1092 1093
1092 1192
1093 1094
1093 1193
1094 1095
1094 1194
1095 1096
1095 1195
1096 1097
1096 1196
1097 1098
1097 1197
1098 1099
1098 1198
1099 1199
1100 1101
1100 1200
1101 1102
1101 1201
1102 1103
1102 1202
1103 1104
1103 1203
1104 1105
1104 1204
1105 1106
1105 1205
1106 1107
1106 1206
1107 1108
1107 1207
1108 1109
1108 1208
1109 1110
1109 1209
1110 1111
1110 1210
1111 1112
1111 1211
1112 1113
1112 1212
1113 1114
1113 1213
1114 1115
1114 1214
1115 1116
1115 1215
1116 1117
1116 1216
1117 1118
1117 1217
1118 1119
1118 1218
1119 1120
1119 1219
1120 1121
1120 1220
1121 1122
1121 1221
1122 1123
1122 1222
1123 1124
1123 1223
1124 1125
1124 1224
1125 1126
1125 1225
1126 1127
1126 1226
1127 1128
1127 1227
1128 1129
1128 1228
1129 1130
1129 1229
1130 1131
1130 1230
1131 1132
1131 1231
1132 1133
1132 1232
1133 1134
1133 1233
1134 1135
1134 1234
1135 1136
1135 1235
1136 1137
1136 1236
1137 1138
1137 1237
1138 1139
1138 1238
1139 1140
1139 1239
1140 1141
1140 1240
1141 1142
1141 1241
1142 1143
1142 1242
1143 1144
1143 1243
1144 1145
1144 1244
1145 1146
1145 1245
1146 1147
1146 1246
1147 1148
1147 1247
1148 1149
1148 1248
1149 1150
1149 1249
1150 1151
1150 1250
1151 1152
1151 1251
1152 1153
1152 1252
1153 1154
1153 1253
1154 1155
1154 1254
1155 1156
1155 1255
1156 1157
1156 1256
1157 1158
1157 1257
1158 1159
1158 1258
1159 1160
1159 1259
1160 1161
1160 1260
1161 1162
1161 1261
1162 1163
1162 1262
1163 1164
1163 1263
1164 1165
1164 1264
1165 1166
1165 1265
1166 1167
1166 1266
1167 1168
1167 1267
1168 1169
1168 1268
1169 1170
1169 1269
1170 1171
1170 1270
1171 1172
1171 1271
1172 1173
1172 1272
1173 1174
1173 1273
1174 1175
1174 1274
1175 1176
1175 1275
1176 1177
1176 1276
1177 1178
1177 1277
1178 1179
1178 1278
1179 1180
1179 1279
1180 1181
1180 1280
1181 1182
1181 1281
1182 1183
1182 1282
1183 1184
1183 1283
1184 1185
1184 1284
1185 1186
1185 1285
1186 1187
1186 1286
1187 1188
1187 1287
1188 1189
1188 1288
1189 1190
1189 1289
1190 1191
1190 1290
1191 1192
1191 1291
1192 1193
1192 1292
1193 1194
1193 1293
1194 1195
1194 1294
1195 1196
1195 1295
1196 1197
1196 1296
1197 1198
1197 1297
1198 1199
1198 1298
1199 1299
1200 1201
1200 1300
1201 1202
1201 1301
1202 1203
1202 1302
1203 1204
1203 1303
1204 1205
1204 1304
1205 1206
1205 1305
1206 1207
1206 1306
1207 1208
1207 1307
1208 1209
1208 1308
1209 1210
1209 1309
1210 1211
1210 1310
1211 1212
1211 1311
1212 1213
1212 1312
1213 1214
1213 1313
1214 1215
1214 1314
1215 1216
1215 1315
1216 1217
1216 1316
1217 1218
1217 1317
1218 1219
1218 1318
1219 1220
1219 1319
1220 1221
1220 1320
1221 1222
1221 1321
1222 1223
1222 1322
1223 1224
1223 1323
1224 1225
1224 1324
1225 1226
1225 1325
1226 1227
1226 1326
1227 1228
1227 1327
1228 1229
1228 1328
1229 1230
1229 1329
1230 1231
1230 1330
1231 1232
1231 1331
1232 1233
1232 1332
1233 1234
1233 1333
1234 1235
1234 1334
1235 1236
1235 1335
1236 1237
1236 1336
1237 1238
1237 1337
1238 1239
1238 1338
1239 1240
1239 1339
1240 1241
1240 1340
1241 1242
1241 1341
1242 1243
1242 1342
1243 1244
1243 1343
1244 1245
1244 1344
1245 1246
1245 1345
1246 1247
1246 1346
1247 1248
1247 1347
1248 1249
1248 1348
1249 1250
1249 1349
1250 1251
1250 1350
1251 1252
1251 1351
1252 1253
1252 1352
1253 1254
1253 1353
1254 1255
1254 1354
1255 1256
1255 1355
1256 1257
1256 1356
1257 1258
1257 1357
1258 1259
1258 1358
1259 1260
1259 1359
1260 1261
1260 1360
1261 1262
1261 1361
1262 1263
1262 1362
1263 1264
1263 1363
1264 1265
1264 1364
1265 1266
1265 1365
1266 1267
1266 1366
1267 1268
1267 1367
1268 1269
1268 1368
1269 1270
1269 1369
1270 1271
1270 1370
1271 1272
1271 1371
1272 1273
1272 1372
1273 1274
1273 1373
1274 1275
1274 1374
1275 1276
1275 1375
1276 1277
1276 1376
1277 1278
1277 1377
1278 1279
1278 1378
1279 1280
1279 1379
1280 1281
1280 1380
1281 1282
1281 1381
1282 1283
1282 1382
1283 1284
1283 1383
1284 1285
1284 1384
1285 1286
1285 1385
1286 1287
1286 1386
1287 1288
1287 1387
1288 1289
1288 1388
1289 1290
1289 1389
1290 1291
1290 1390
1291 1292
1291 1391
1292 1293
1292 1392
1293 1294
1293 1393
1294 1295
1294 1394
1295 1296
1295 1395
1296 1297
1296 1396
1297 1298
1297 1397
1298 1299
1298 1398
1299 1399
1300 1301
1300 1400
1301 1302
1301 1401
1302 1303
1302 1402
1303 1304
1303 1403
1304 1305
1304 1404
1305 1306
1305 1405
1306 1307
1306 1406
1307 1308
1307 1407
1308 1309
1308 1408
1309 1310
1309 1409
1310 1311
1310 1410
1311 1312
1311 1411
1312 1313
1312 1412
1313 1314
1313 1413
1314 1315
1314 1414
1315 1316
1315 1415
1316 1317
1316 1416
1317 1318
1317 1417
1318 1319
1318 1418
1319 1320
1319 1419
1320 1321
1320 1420
1321 1322
1321 1421
1322 1323
1322 1422
1323 1324
1323 1423
1324 1325
1324 1424
1325 1326
1325 1425
1326 1327
1326 1426
1327 1328
1327 1427
1328 1329
1328 1428
1329 1330
1329 1429
1330 1331
1330 1430
1331 1332
1331 1431
1332 1333
1332 1432
1333 1334
1333 1433
1334 1335
1334 1434
1335 1336
1335 1435
1336 1337
1336 1436
1337 1338
1337 1437
1338 1339
1338 1438
1339 1340
1339 1439
1340 1341
1340 1440
1341 1342
1341 1441
1342 1343
1342 1442
1343 1344
1343 1443
1344 1345
1344 1444
1345 1346
1345 1445
1346 1347
1346 1446
1347 1348
1347 1447
1348 1349
1348 1448
1349 1350
1349 1449
1350 1351
1350 1450
1351 1352
1351 1451
1352 1353
1352 1452
1353 1354
1353 1453
1354 1355
1354 1454
1355 1356
1355 1455
1356 1357
1356 1456
1357 1358
1357 1457
1358 1359
1358 1458
1359 1360
1359 1459
1360 1361
1360 1460
1361 1362
1361 1461
1362 1363
1362 1462
1363 1364
1363 1463
1364 1365
1364 1464
1365 1366
1365 1465
1366 1367
1366 1466
1367 1368
1367 1467
1368 1369
1368 1468
1369 1370
1369 1469
1370 1371
1370 1470
1371 1372
1371 1471
1372 1373
1372 1472
1373 1374
1373 1473
1374 1375
1374 1474
1375 1376
1375 1475
1376 1377
1376 1476
1377 1378
1377 1477
1378 1379
1378 1478
1379 1380
1379 1479
1380 1381
1380 1480
1381 1382
1381 1481
1382 1383
1382 1482
1383 1384
1383 1483
1384 1385
1384 1484
1385 1386
1385 1485
1386 1387
1386 1486
1387 1388
1387 1487
1388 1389
1388 1488
1389 1390
1389 1489
1390 1391
1390 1490
1391 1392
1391 1491
1392 1393
1392 1492
1393 1394
1393 1493
1394 1395
1394 1494
1395 1396
1395 1495
1396 1397
1396 1496
1397 1398
1397 1497
1398 1399
1398 1498
1399 1499
1400 1401
1400 1500
1401 1402
1401 1501
1402 1403
1402 1502
1403 1404
1403 1503
1404 1405
1404 1504
1405 1406
1405 1505
1406 1407
1406 1506
1407 1408
1407 1507
1408 1409
1408 1508
1409 1410
1409 1509
1410 1411
1410 1510
1411 1412
1411 1511
1412 1413
1412 1512
1413 1414
1413 1513
1414 1415
1414 1514
1415 1416
1415 1515
1416 1417
1416 1516
1417 1418
1417 1517
1418 1419
1418 1518
1419 1420
1419 1519
1420 1421
1420 1520
1421 1422
1421 1521
1422 1423
1422 1522
1423 1424
1423 1523
1424 1425
1424 1524
1425 1426
1425 1525
1426 1427
1426 1526
1427 1428
1427 1527
1428 1429
1428 1528
1429 1430
1429 1529
1430 1431
1430 1530
1431 1432
1431 1531
1432 1433
1432 1532
1433 1434
1433 1533
1434 1435
1434 1534
1435 1436
1435 1535
1436 1437
1436 1536
1437 1438
1437 1537
1438 1439
1438 1538
1439 1440
1439 1539
1440 1441
1440 1540
1441 1442
1441 1541
1442 1443
1442 1542
1443 1444
1443 1543
1444 1445
1444 1544
1445 1446
1445 1545
1446 1447
1446 1546
1447 1448
1447 1547
1448 1449
1448 1548
1449 1450
1449 1549
1450 1451
1450 1550
1451 1452
1451 1551
1452 1453
1452 1552
1453 1454
1453 1553
1454 1455
1454 1554
1455 1456
1455 1555
1456 1457
1456 1556
1457 1458
1457 1557
1458 1459
1458 1558
1459 1460
1459 1559
1460 1461
1460 1560
1461 1462
1461 1561
1462 1463
1462 1562
1463 1464
1463 1563
1464 1465
1464 1564
1465 1466
1465 1565
1466 1467
1466 1566
1467 1468
1467 1567
1468 1469
1468 1568
1469 1470
1469 1569
1470 1471
1470 1570
1471 1472
1471 1571
1472 1473
1472 1572
1473 1474
1473 1573
1474 1475
1474 1574
1475 1476
1475 1575
1476 1477
1476 1576
1477 1478
1477 1577
1478 1479
1478 1578
1479 1480
1479 1579
1480 1481
1480 1580
1481 1482
1481 1581
1482 1483
1482 1582
1483 1484
1483 1583
1484 1485
1484 1584
1485 1486
1485 1585
1486 1487
1486 1586
1487 1488
1487 1587
1488 1489
1488 1588
1489 1490
1489 1589
1490 1491
1490 1590
1491 1492
1491 1591
1492 1493
1492 1592
1493 1494
1493 1593
1494 1495
1494 1594
1495 1496
1495 1595
1496 1497
1496 1596
1497 1498
1497 1597
1498 1499
1498 1598
1499 1599
1500 1501
1500 1600
1501 1502
1501 1601
1502 1503
1502 1602
1503 1504
1503 1603
1504 1505
1504 1604
1505 1506
1505 1605
1506 1507
1506 1606
1507 1508
1507 1607
1508 1509
1508 1608
1509 1510
1509 1609
1510 1511
1510 1610
1511 1512
1511 1611
1512 1513
1512 1612
1513 1514
1513 1613
1514 1515
1514 1614
1515 1516
1515 1615
1516 1517
1516 1616
1517 1518
1517 1617
1518 1519
1518 1618
1519 1520
1519 1619
1520 1521
1520 1620
1521 1522
1521 1621
1522 1523
1522 1622
1523 1524
1523 1623
1524 1525
1524 1624
1525 1526
1525 1625
1526 1527
1526 1626
1527 1528
1527 1627
1528 1529
1528 1628
1529 1530
1529 1629
1530 1531
1530 1630
1531 1532
1531 1631
1532 1533
1532 1632
1533 1534
1533 1633
1534 1535
1534 1634
1535 1536
1535 1635
1536 1537
1536 1636
1537 1538
1537 1637
1538 1539
1538 1638
1539 1540
1539 1639
1540 1541
1540 1640
1541 1542
1541 1641
1542 1543
1542 1642
1543 1544
1543 1643
1544 1545
1544 1644
1545 1546
1545 1645
1546 1547
1546 1646
1547 1548
1547 1647
1548 1549
1548 1648
1549 1550
1549 1649
1550 1551
1550 1650
1551 1552
1551 1651
1552 1553
1552 1652
1553 1554
1553 1653
1554 1555
1554 1654
1555 1556
1555 1655
1556 1557
1556 1656
1557 1558
1557 1657
1558 1559
1558 1658
1559 1560
1559 1659
1560 1561
1560 1660
1561 1562
1561 1661
1562 1563
1562 1662
1563 1564
1563 1663
1564 1565
1564 1664
1565 1566
1565 1665
1566 1567
1566 1666
1567 1568
1567 1667
1568 1569
1568 1668
1569 1570
1569 1669
1570 1571
1570 1670
1571 1572
1571 1671
1572 1573
1572 1672
1573 1574
1573 1673
1574 1575
1574 1674
1575 1576
1575 1675
1576 1577
1576 1676
1577 1578
1577 1677
1578 1579
1578 1678
1579 1580
1579 1679
1580 1581
1580 1680
1581 1582
1581 1681
1582 1583
1582 1682
1583 1584
1583 1683
1584 1585
1584 1684
1585 1586
1585 1685
1586 1587
1586 1686
1587 1588
1587 1687
1588 1589
1588 1688
1589 1590
1589 1689
1590 1591
1590 1690
1591 1592
1591 1691
1592 1593
1592 1692
1593 1594
1593 1693
1594 1595
1594 1694
1595 1596
1595 1695
1596 1597
1596 1696
1597 1598
1597 1697
1598 1599
1598 1698
1599 1699
1600 1601
1600 1700
1601 1602
1601 1701
1602 1603
1602 1702
1603 1604
1603 1703
1604 1605
1604 1704
1605 1606
1605 1705
1606 1607
1606 1706
1607 1608
1607 1707
1608 1609
1608 1708
1609 1610
1609 1709
1610 1611
1610 1710
1611 1612
1611 1711
1612 1613
1612 1712
1613 1614
1613 1713
1614 1615
1614 1714
1615 1616
1615 1715
1616 1617
1616 1716
1617 1618
1617 1717
1618 1619
1618 1718
1619 1620
1619 1719
1620 1621
1620 1720
1621 1622
1621 1721
1622 1623
1622 1722
1623 1624
1623 1723
1624 1625
1624 1724
1625 1626
1625 1725
1626 1627
1626 1726
1627 1628
1627 1727
1628 1629
1628 1728
1629 1630
1629 1729
1630 1631
1630 1730
1631 1632
1631 1731
1632 1633
1632 1732
1633 1634
1633 1733
1634 1635
1634 1734
1635 1636
1635 1735
1636 1637
1636 1736
1637 1638
1637 1737
1638 1639
1638 1738
1639 1640
1639 1739
1640 1641
1640 1740
1641 1642
1641 1741
1642 1643
1642 1742
1643 1644
1643 1743
1644 1645
1644 1744
1645 1646
1645 1745
1646 1647
1646 1746
1647 1648
1647 1747
1648 1649
1648 1748
1649 1650
1649 1749
1650 1651
1650 1750
1651 1652
1651 1751
1652 1653
1652 1752
1653 1654
1653 1753
1654 1655
1654 1754
1655 1656
1655 1755
1656 1657
1656 1756
1657 1658
1657 1757
1658 1659
1658 1758
1659 1660
1659 1759
1660 1661
1660 1760
1661 1662
1661 1761
1662 1663
1662 1762
1663 1664
1663 1763
1664 1665
1664 1764
1665 1666
1665 1765
1666 1667
1666 1766
1667 1668
1667 1767
1668 1669
1668 1768
1669 1670
1669 1769
1670 1671
1670 1770
1671 1672
1671 1771
1672 1673
1672 1772
1673 1674
1673 1773
1674 1675
1674 1774
1675 1676
1675 1775
1676 1677
1676 1776
1677 1678
1677 1777
1678 1679
1678 1778
1679 1680
1679 1779
1680 1681
1680 1780
1681 1682
1681 1781
1682 1683
1682 1782
1683 1684
1683 1783
1684 1685
1684 1784
1685 1686
1685 1785
1686 1687
1686 1786
1687 1688
1687 1787
1688 1689
1688 1788
1689 1690
1689 1789
1690 1691
1690 1790
1691 1692
1691 1791
1692 1693
1692 1792
1693 1694
1693 1793
1694 1695
1694 1794
1695 1696
1695 1795
1696 1697
1696 1796
1697 1698
1697 1797
1698 1699
1698 1798
1699 1799
1700 1701
1700 1800
1701 1702
1701 1801
1702 1703
1702 1802
1703 1704
1703 1803
1704 1705
1704 1804
1705 1706
1705 1805
1706 1707
1706 1806
1707 1708
1707 1807
1708 1709
1708 1808
1709 1710
1709 1809
1710 1711
1710 1810
1711 1712
1711 1811
1712 1713
1712 1812
1713 1714
1713 1813
1714 1715
1714 1814
1715 1716
1715 1815
1716 1717
1716 1816
1717 1718
1717 1817
1718 1719
1718 1818
1719 1720
1719 1819
1720 1721
1720 1820
1721 1722
1721 1821
1722 1723
1722 1822
1723 1724
1723 1823
1724 1725
1724 1824
1725 1726
1725 1825
1726 1727
1726 1826
1727 1728
1727 1827
1728 1729
1728 1828
1729 1730
1729 1829
1730 1731
1730 1830
1731 1732
1731 1831
1732 1733
1732 1832
1733 1734
1733 1833
1734 1735
1734 1834
1735 1736
1735 1835
1736 1737
1736 1836
1737 1738
1737 1837
1738 1739
1738 1838
1739 1740
1739 1839
1740 1741
1740 1840
1741 1742
1741 1841
1742 1743
1742 1842
1743 1744
1743 1843
1744 1745
1744 1844
1745 1746
1745 1845
1746 1747
1746 1846
1747 1748
1747 1847
1748 1749
1748 1848
1749 1750
1749 1849
1750 1751
1750 1850
1751 1752
1751 1851
1752 1753
1752 1852
1753 1754
1753 1853
1754 1755
1754 1854
1755 1756
1755 1855
1756 1757
1756 1856
1757 1758
1757 1857
1758 1759
1758 1858
1759 1760
1759 1859
1760 1761
1760 1860
1761 1762
1761 1861
1762 1763
1762 1862
1763 1764
1763 1863
1764 1765
1764 1864
1765 1766
1765 1865
1766 1767
1766 1866
1767 1768
1767 1867
1768 1769
1768 1868
1769 1770
1769 1869
1770 1771
1770 1870
1771 1772
1771 1871
1772 1773
1772 1872
1773 1774
1773 1873
1774 1775
1774 1874
1775 1776
1775 1875
1776 1777
1776 1876
1777 1778
1777 1877
1778 1779
1778 1878
1779 1780
1779 1879
1780 1781
1780 1880
1781 1782
1781 1881
1782 1783
1782 1882
1783 1784
1783 1883
1784 1785
1784 1884
1785 1786
1785 1885
1786 1787
1786 1886
1787 1788
1787 1887
1788 1789
1788 1888
1789 1790
1789 1889
1790 1791
1790 1890
1791 1792
1791 1891
1792 1793
1792 1892
1793 1794
1793 1893
1794 1795
1794 1894
1795 1796
1795 1895
1796 1797
1796 1896
1797 1798
1797 1897
1798 1799
1798 1898
1799 1899
1800 1801
1800 1900
1801 1802
1801 1901
1802 1803
1802 1902
1803 1804
1803 1903
1804 1805
1804 1904
1805 1806
1805 1905
1806 1807
1806 1906
1807 1808
1807 1907
1808 1809
1808 1908
1809 1810
1809 1909
1810 1811
1810 1910
1811 1812
1811 1911
1812 1813
1812 1912
1813 1814
1813 1913
1814 1815
1814 1914
1815 1816
1815 1915
1816 1817
1816 1916
1817 1818
1817 1917
1818 1819
1818 1918
1819 1820
1819 1919
1820 1821
1820 1920
1821 1822
1821 1921
1822 1823
1822 1922
1823 1824
1823 1923
1824 1825
1824 1924
1825 1826
1825 1925
1826 1827
1826 1926
1827 1828
1827 1927
1828 1829
1828 1928
1829 1830
1829 1929
1830 1831
1830 1930
1831 1832
1831 1931
1832 1833
1832 1932
1833 1834
1833 1933
1834 1835
1834 1934
1835 1836
1835 1935
1836 1837
1836 1936
1837 1838
1837 1937
1838 1839
1838 1938
1839 1840
1839 1939
1840 1841
1840 1940
1841 1842
1841 1941
1842 1843
1842 1942
1843 1844
1843 1943
1844 1845
1844 1944
1845 1846
1845 1945
1846 1847
1846 1946
1847 1848
1847 1947
1848 1849
1848 1948
1849 1850
1849 1949
1850 1851
1850 1950
1851 1852
1851 1951
1852 1853
1852 1952
1853 1854
1853 1953
1854 1855
1854 1954
1855 1856
1855 1955
1856 1857
1856 1956
1857 1858
1857 1957
1858 1859
1858 1958
1859 1860
1859 1959
1860 1861
1860 1960
1861 1862
1861 1961
1862 1863
1862 1962
1863 1864
1863 1963
1864 1865
1864 1964
1865 1866
1865 1965
1866 1867
1866 1966
1867 1868
1867 1967
1868 1869
1868 1968
1869 1870
1869 1969
1870 1871
1870 1970
1871 1872
1871 1971
1872 1873
1872 1972
1873 1874
1873 1973
1874 1875
1874 1974
1875 1876
1875 1975
1876 1877
1876 1976
1877 1878
1877 1977
1878 1879
1878 1978
1879 1880
1879 1979
1880 1881
1880 1980
1881 1882
1881 1981
1882 1883
1882 1982
1883 1884
1883 1983
1884 1885
1884 1984
1885 1886
1885 1985
1886 1887
1886 1986
1887 1888
1887 1987
1888 1889
1888 1988
1889 1890
1889 1989
1890 1891
1890 1990
1891 1892
1891 1991
1892 1893
1892 1992
1893 1894
1893 1993
1894 1895
1894 1994
1895 1896
1895 1995
1896 1897
1896 1996
1897 1898
1897 1997
1898 1899
1898 1998
1899 1999
1900 1901
1900 2000
1901 1902
1901 2001
1902 1903
1902 2002
1903 1904
1903 2003
1904 1905
1904 2004
1905 1906
1905 2005
1906 1907
1906 2006
1907 1908
1907 2007
1908 1909
1908 2008
1909 1910
1909 2009
1910 1911
1910 2010
1911 1912
1911 2011
1912 1913
1912 2012
1913 1914
1913 2013
1914 1915
1914 2014
1915 1916
1915 2015
1916 1917
1916 2016
1917 1918
1917 2017
1918 1919
1918 2018
1919 1920
1919 2019
1920 1921
1920 2020
1921 1922
1921 2021
1922 1923
1922 2022
1923 1924
1923 2023
1924 1925
1924 2024
1925 1926
1925 2025
1926 1927
1926 2026
1927 1928
1927 2027
1928 1929
1928 2028
1929 1930
1929 2029
1930 1931
1930 2030
1931 1932
1931 2031
1932 1933
1932 2032
1933 1934
1933 2033
1934 1935
1934 2034
1935 1936
1935 2035
1936 1937
1936 2036
1937 1938
1937 2037
1938 1939
1938 2038
1939 1940
1939 2039
1940 1941
1940 2040
1941 1942
1941 2041
1942 1943
1942 2042
1943 1944
1943 2043
1944 1945
1944 2044
1945 1946
1945 2045
1946 1947
1946 2046
1947 1948
1947 2047
1948 1949
1948 2048
1949 1950
1949 2049
1950 1951
1950 2050
1951 1952
1951 2051
1952 1953
1952 2052
1953 1954
1953 2053
1954 1955
1954 2054
1955 1956
1955 2055
1956 1957
1956 2056
1957 1958
1957 2057
1958 1959
1958 2058
1959 1960
1959 2059
1960 1961
1960 2060
1961 1962
1961 2061
1962 1963
1962 2062
1963 1964
1963 2063
1964 1965
1964 2064
1965 1966
1965 2065
1966 1967
1966 2066
1967 1968
1967 2067
1968 1969
1968 2068
1969 1970
1969 2069
1970 1971
1970 2070
1971 1972
1971 2071
1972 1973
1972 2072
1973 1974
1973 2073
1974 1975
1974 2074
1975 1976
1975 2075
1976 1977
1976 2076
1977 1978
1977 2077
1978 1979
1978 2078
1979 1980
1979 2079
1980 1981
1980 2080
1981 1982
1981 2081
1982 1983
1982 2082
1983 1984
1983 2083
1984 1985
1984 2084
1985 1986
1985 2085
1986 1987
1986 2086
1987 1988
1987 2087
1988 1989
1988 2088
1989 1990
1989 2089
1990 1991
1990 2090
1991 1992
1991 2091
1992 1993
1992 2092
1993 1994
1993 2093
1994 1995
1994 2094
1995 1996
1995 2095
1996 1997
1996 2096
1997 1998
1997 2097
1998 1999
1998 2098
1999 2099
2000 2001
2000 2100
2001 2002
2001 2101
2002 2003
2002 2102
2003 2004
2003 2103
2004 2005
2004 2104
2005 2006
2005 2105
2006 2007
2006 2106
2007 2008
2007 2107
2008 2009
2008 2108
2009 2010
2009 2109
2010 2011
2010 2110
2011 2012
2011 2111
2012 2013
2012 2112
2013 2014
2013 2113
2014 2015
2014 2114
2015 2016
2015 2115
2016 2017
2016 2116
2017 2018
2017 2117
2018 2019
2018 2118
2019 2020
2019 2119
2020 2021
2020 2120
2021 2022
2021 2121
2022 2023
2022 2122
2023 2024
2023 2123
2024 2025
2024 2124
2025 2026
2025 2125
2026 2027
2026 2126
2027 2028
2027 2127
2028 2029
2028 2128
2029 2030
2029 2129
2030 2031
2030 2130
2031 2032
2031 2131
2032 2033
2032 2132
2033 2034
2033 2133
2034 2035
2034 2134
2035 2036
2035 2135
2036 2037
2036 2136
2037 2038
2037 2137
2038 2039
2038 2138
2039 2040
2039 2139
2040 2041
2040 2140
2041 2042
2041 2141
2042 2043
2042 2142
2043 2044
2043 2143
2044 2045
2044 2144
2045 2046
2045 2145
2046 2047
2046 2146
2047 2048
2047 2147
2048 2049
2048 2148
2049 2050
2049 2149
2050 2051
2050 2150
2051 2052
2051 2151
2052 2053
2052 2152
2053 2054
2053 2153
2054 2055
2054 2154
2055 2056
2055 2155
2056 2057
2056 2156
2057 2058
2057 2157
2058 2059
2058 2158
2059 2060
2059 2159
2060 2061
2060 2160
2061 2062
2061 2161
2062 2063
2062 2162
2063 2064
2063 2163
2064 2065
2064 2164
2065 2066
2065 2165
2066 2067
2066 2166
2067 2068
2067 2167
2068 2069
2068 2168
2069 2070
2069 2169
2070 2071
2070 2170
2071 2072
2071 2171
2072 2073
2072 2172
2073 2074
2073 2173
2074 2075
2074 2174
2075 2076
2075 2175
2076 2077
2076 2176
2077 2078
2077 2177
2078 2079
2078 2178
2079 2080
2079 2179
2080 2081
2080 2180
2081 2082
2081 2181
2082 2083
2082 2182
2083 2084
2083 2183
2084 2085
2084 2184
2085 2086
2085 2185
2086 2087
2086 2186
2087 2088
2087 2187
2088 2089
2088 2188
2089 2090
2089 2189
2090 2091
2090 2190
2091 2092
2091 2191
2092 2093
2092 2192
2093 2094
2093 2193
2094 2095
2094 2194
2095 2096
2095 2195
2096 2097
2096 2196
2097 2098
2097 2197
2098 2099
2098 2198
2099 2199
2100 2101
2100 2200
2101 2102
2101 2201
2102 2103
2102 2202
2103 2104
2103 2203
2104 2105
2104 2204
2105 2106
2105 2205
2106 2107
2106 2206
2107 2108
2107 2207
2108 2109
2108 2208
2109 2110
2109 2209
2110 2111
2110 2210
2111 2112
2111 2211
2112 2113
2112 2212
2113 2114
2113 2213
2114 2115
2114 2214
2115 2116
2115 2215
2116 2117
2116 2216
2117 2118
2117 2217
2118 2119
2118 2218
2119 2120
2119 2219
2120 2121
2120 2220
2121 2122
2121 2221
2122 2123
2122 2222
2123 2124
2123 2223
2124 2125
2124 2224
2125 2126
2125 2225
2126 2127
2126 2226
2127 2128
2127 2227
2128 2129
2128 2228
2129 2130
2129 2229
2130 2131
2130 2230
2131 2132
2131 2231
2132 2133
2132 2232
2133 2134
2133 2233
2134 2135
2134 2234
2135 2136
2135 2235
2136 2137
2136 2236
2137 2138
2137 2237
2138 2139
2138 2238
2139 2140
2139 2239
2140 2141
2140 2240
2141 2142
2141 2241
2142 2143
2142 2242
2143 2144
2143 2243
2144 2145
2144 2244
2145 2146
2145 2245
2146 2147
2146 2246
2147 2148
2147 2247
2148 2149
2148 2248
2149 2150
2149 2249
2150 2151
2150 2250
2151 2152
2151 2251
2152 2153
2152 2252
2153 2154
2153 2253
2154 2155
2154 2254
2155 2156
2155 2255
2156 2157
2156 2256
2157 2158
2157 2257
2158 2159
2158 2258
2159 2160
2159 2259
2160 2161
2160 2260
2161 2162
2161 2261
2162 2163
2162 2262
2163 2164
2163 2263
2164 2165
2164 2264
2165 2166
2165 2265
2166 2167
2166 2266
2167 2168
2167 2267
2168 2169
2168 2268
2169 2170
2169 2269
2170 2171
2170 2270
2171 2172
2171 2271
2172 2173
2172 2272
2173 2174
2173 2273
2174 2175
2174 2274
2175 2176
2175 2275
2176 2177
2176 2276
2177 2178
2177 2277
2178 2179
2178 2278
2179 2180
2179 2279
2180 2181
2180 2280
2181 2182
2181 2281
2182 2183
2182 2282
2183 2184
2183 2283
2184 2185
2184 2284
2185 2186
2185 2285
2186 2187
2186 2286
2187 2188
2187 2287
2188 2189
2188 2288
2189 2190
2189 2289
2190 2191
2190 2290
2191 2192
2191 2291
2192 2193
2192 2292
2193 2194
2193 2293
2194 2195
2194 2294
2195 2196
2195 2295
2196 2197
2196 2296
2197 2198
2197 2297
2198 2199
2198 2298
2199 2299
2200 2201
2200 2300
2201 2202
2201 2301
2202 2203
2202 2302
2203 2204
2203 2303
2204 2205
2204 2304
2205 2206
2205 2305
2206 2207
2206 2306
2207 2208
2207 2307
2208 2209
2208 2308
2209 2210
2209 2309
2210 2211
2210 2310
2211 2212
2211 2311
2212 2213
2212 2312
2213 2214
2213 2313
2214 2215
2214 2314
2215 2216
2215 2315
2216 2217
2216 2316
2217 2218
2217 2317
2218 2219
2218 2318
2219 2220
2219 2319
2220 2221
2220 2320
2221 2222
2221 2321
2222 2223
2222 2322
2223 2224
2223 2323
2224 2225
2224 2324
2225 2226
2225 2325
2226 2227
2226 2326
2227 2228
2227 2327
2228 2229
2228 2328
2229 2230
2229 2329
2230 2231
2230 2330
2231 2232
2231 2331
2232 2233
2232 2332
2233 2234
2233 2333
2234 2235
2234 2334
2235 2236
2235 2335
2236 2237
2236 2336
2237 2238
2237 2337
2238 2239
2238 2338
2239 2240
2239 2339
2240 2241
2240 2340
2241 2242
2241 2341
2242 2243
2242 2342
2243 2244
2243 2343
2244 2245
2244 2344
2245 2246
2245 2345
2246 2247
2246 2346
2247 2248
2247 2347
2248 2249
2248 2348
2249 2250
2249 2349
2250 2251
2250 2350
2251 2252
2251 2351
2252 2253
2252 2352
2253 2254
2253 2353
2254 2255
2254 2354
2255 2256
2255 2355
2256 2257
2256 2356
2257 2258
2257 2357
2258 2259
2258 2358
2259 2260
2259 2359
2260 2261
2260 2360
2261 2262
2261 2361
2262 2263
2262 2362
2263 2264
2263 2363
2264 2265
2264 2364
2265 2266
2265 2365
2266 2267
2266 2366
2267 2268
2267 2367
2268 2269
2268 2368
2269 2270
2269 2369
2270 2271
2270 2370
2271 2272
2271 2371
2272 2273
2272 2372
2273 2274
2273 2373
2274 2275
2274 2374
2275 2276
2275 2375
2276 2277
2276 2376
2277 2278
2277 2377
2278 2279
2278 2378
2279 2280
2279 2379
2280 2281
2280 2380
2281 2282
2281 2381
2282 2283
2282 2382
2283 2284
2283 2383
2284 2285
2284 2384
2285 2286
2285 2385
2286 2287
2286 2386
2287 2288
2287 2387
2288 2289
2288 2388
2289 2290
2289 2389
2290 2291
2290 2390
2291 2292
2291 2391
2292 2293
2292 2392
2293 2294
2293 2393
2294 2295
2294 2394
2295 2296
2295 2395
2296 2297
2296 2396
2297 2298
2297 2397
2298 2299
2298 2398
2299 2399
2300 2301
2300 2400
2301 2302
2301 2401
2302 2303
2302 2402
2303 2304
2303 2403
2304 2305
2304 2404
2305 2306
2305 2405
2306 2307
2306 2406
2307 2308
2307 2407
2308 2309
2308 2408
2309 2310
2309 2409
2310 2311
2310 2410
2311 2312
2311 2411
2312 2313
2312 2412
2313 2314
2313 2413
2314 2315
2314 2414
2315 2316
2315 2415
2316 2317
2316 2416
2317 2318
2317 2417
2318 2319
2318 2418
2319 2320
2319 2419
2320 2321
2320 2420
2321 2322
2321 2421
2322 2323
2322 2422
2323 2324
2323 2423
2324 2325
2324 2424
2325 2326
2325 2425
2326 2327
2326 2426
2327 2328
2327 2427
2328 2329
2328 2428
2329 2330
2329 2429
2330 2331
2330 2430
2331 2332
2331 2431
2332 2333
2332 2432
2333 2334
2333 2433
2334 2335
2334 2434
2335 2336
2335 2435
2336 2337
2336 2436
2337 2338
2337 2437
2338 2339
2338 2438
2339 2340
2339 2439
2340 2341
2340 2440
2341 2342
2341 2441
2342 2343
2342 2442
2343 2344
2343 2443
2344 2345
2344 2444
2345 2346
2345 2445
2346 2347
2346 2446
2347 2348
2347 2447
2348 2349
2348 2448
2349 2350
2349 2449
2350 2351
2350 2450
2351 2352
2351 2451
2352 2353
2352 2452
2353 2354
2353 2453
2354 2355
2354 2454
2355 2356
2355 2455
2356 2357
2356 2456
2357 2358
2357 2457
2358 2359
2358 2458
2359 2360
2359 2459
2360 2361
2360 2460
2361 2362
2361 2461
2362 2363
2362 2462
2363 2364
2363 2463
2364 2365
2364 2464
2365 2366
2365 2465
2366 2367
2366 2466
2367 2368
2367 2467
2368 2369
2368 2468
2369 2370
2369 2469
2370 2371
2370 2470
2371 2372
2371 2471
2372 2373
2372 2472
2373 2374
2373 2473
2374 2375
2374 2474
2375 2376
2375 2475
2376 2377
2376 2476
2377 2378
2377 2477
2378 2379
2378 2478
2379 2380
2379 2479
2380 2381
2380 2480
2381 2382
2381 2481
2382 2383
2382 2482
2383 2384
2383 2483
2384 2385
2384 2484
2385 2386
2385 2485
2386 2387
2386 2486
2387 2388
2387 2487
2388 2389
2388 2488
2389 2390
2389 2489
2390 2391
2390 2490
2391 2392
2391 2491
2392 2393
2392 2492
2393 2394
2393 2493
2394 2395
2394 2494
2395 2396
2395 2495
2396 2397
2396 2496
2397 2398
2397 2497
2398 2399
2398 2498
2399 2499
2400 2401
2400 2500
2401 2402
2401 2501
2402 2403
2402 2502
2403 2404
2403 2503
2404 2405
2404 2504
2405 2406
2405 2505
2406 2407
2406 2506
2407 2408
2407 2507
2408 2409
2408 2508
2409 2410
2409 2509
2410 2411
2410 2510
2411 2412
2411 2511
2412 2413
2412 2512
2413 2414
2413 2513
2414 2415
2414 2514
2415 2416
2415 2515
2416 2417
2416 2516
2417 2418
2417 2517
2418 2419
2418 2518
2419 2420
2419 2519
2420 2421
2420 2520
2421 2422
2421 2521
2422 2423
2422 2522
2423 2424
2423 2523
2424 2425
2424 2524
2425 2426
2425 2525
2426 2427
2426 2526
2427 2428
2427 2527
2428 2429
2428 2528
2429 2430
2429 2529
2430 2431
2430 2530
2431 2432
2431 2531
2432 2433
2432 2532
2433 2434
2433 2533
2434 2435
2434 2534
2435 2436
2435 2535
2436 2437
2436 2536
2437 2438
2437 2537
2438 2439
2438 2538
2439 2440
2439 2539
2440 2441
2440 2540
2441 2442
2441 2541
2442 2443
2442 2542
2443 2444
2443 2543
2444 2445
2444 2544
2445 2446
2445 2545
2446 2447
2446 2546
2447 2448
2447 2547
2448 2449
2448 2548
2449 2450
2449 2549
2450 2451
2450 2550
2451 2452
2451 2551
2452 2453
2452 2552
2453 2454
2453 2553
2454 2455
2454 2554
2455 2456
2455 2555
2456 2457
2456 2556
2457 2458
2457 2557
2458 2459
2458 2558
2459 2460
2459 2559
2460 2461
2460 2560
2461 2462
2461 2561
2462 2463
2462 2562
2463 2464
2463 2563
2464 2465
2464 2564
2465 2466
2465 2565
2466 2467
2466 2566
2467 2468
2467 2567
2468 2469
2468 2568
2469 2470
2469 2569
2470 2471
2470 2570
2471 2472
2471 2571
2472 2473
2472 2572
2473 2474
2473 2573
2474 2475
2474 2574
2475 2476
2475 2575
2476 2477
2476 2576
2477 2478
2477 2577
2478 2479
2478 2578
2479 2480
2479 2579
2480 2481
2480 2580
2481 2482
2481 2581
2482 2483
2482 2582
2483 2484
2483 2583
2484 2485
2484 2584
2485 2486
2485 2585
2486 2487
2486 2586
2487 2488
2487 2587
2488 2489
2488 2588
2489 2490
2489 2589
2490 2491
2490 2590
2491 2492
2491 2591
2492 2493
2492 2592
2493 2494
2493 2593
2494 2495
2494 2594
2495 2496
2495 2595
2496 2497
2496 2596
2497 2498
2497 2597
2498 2499
2498 2598
2499 2599
2500 2501
2500 2600
2501 2502
2501 2601
2502 2503
2502 2602
2503 2504
2503 2603
2504 2505
2504 2604
2505 2506
2505 2605
2506 2507
2506 2606
2507 2508
2507 2607
2508 2509
2508 2608
2509 2510
2509 2609
2510 2511
2510 2610
2511 2512
2511 2611
2512 2513
2512 2612
2513 2514
2513 2613
2514 2515
2514 2614
2515 2516
2515 2615
2516 2517
2516 2616
2517 2518
2517 2617
2518 2519
2518 2618
2519 2520
2519 2619
2520 2521
2520 2620
2521 2522
2521 2621
2522 2523
2522 2622
2523 2524
2523 2623
2524 2525
2524 2624
2525 2526
2525 2625
2526 2527
2526 2626
2527 2528
2527 2627
2528 2529
2528 2628
2529 2530
2529 2629
2530 2531
2530 2630
2531 2532
2531 2631
2532 2533
2532 2632
2533 2534
2533 2633
2534 2535
2534 2634
2535 2536
2535 2635
2536 2537
2536 2636
2537 2538
2537 2637
2538 2539
2538 2638
2539 2540
2539 2639
2540 2541
2540 2640
2541 2542
2541 2641
2542 2543
2542 2642
2543 2544
2543 2643
2544 2545
2544 2644
2545 2546
2545 2645
2546 2547
2546 2646
2547 2548
2547 2647
2548 2549
2548 2648
2549 2550
2549 2649
2550 2551
2550 2650
2551 2552
2551 2651
2552 2553
2552 2652
2553 2554
2553 2653
2554 2555
2554 2654
2555 2556
2555 2655
2556 2557
2556 2656
2557 2558
2557 2657
2558 2559
2558 2658
2559 2560
2559 2659
2560 2561
2560 2660
2561 2562
2561 2661
2562 2563
2562 2662
2563 2564
2563 2663
2564 2565
2564 2664
2565 2566
2565 2665
2566 2567
2566 2666
2567 2568
2567 2667
2568 2569
2568 2668
2569 2570
2569 2669
2570 2571
2570 2670
2571 2572
2571 2671
2572 2573
2572 2672
2573 2574
2573 2673
2574 2575
2574 2674
2575 2576
2575 2675
2576 2577
2576 2676
2577 2578
2577 2677
2578 2579
2578 2678
2579 2580
2579 2679
2580 2581
2580 2680
2581 2582
2581 2681
2582 2583
2582 2682
2583 2584
2583 2683
2584 2585
2584 2684
2585 2586
2585 2685
2586 2587
2586 2686
2587 2588
2587 2687
2588 2589
2588 2688
2589 2590
2589 2689
2590 2591
2590 2690
2591 2592
2591 2691
2592 2593
2592 2692
2593 2594
2593 2693
2594 2595
2594 2694
2595 2596
2595 2695
2596 2597
2596 2696
2597 2598
2597 2697
2598 2599
2598 2698
2599 2699
2600 2601
2600 2700
2601 2602
2601 2701
2602 2603
2602 2702
2603 2604
2603 2703
2604 2605
2604 2704
2605 2606
2605 2705
2606 2607
2606 2706
2607 2608
2607 2707
2608 2609
2608 2708
2609 2610
2609 2709
2610 2611
2610 2710
2611 2612
2611 2711
2612 2613
2612 2712
2613 2614
2613 2713
2614 2615
2614 2714
2615 2616
2615 2715
2616 2617
2616 2716
2617 2618
2617 2717
2618 2619
2618 2718
2619 2620
2619 2719
2620 2621
2620 2720
2621 2622
2621 2721
2622 2623
2622 2722
2623 2624
2623 2723
2624 2625
2624 2724
2625 2626
2625 2725
2626 2627
2626 2726
2627 2628
2627 2727
2628 2629
2628 2728
2629 2630
2629 2729
2630 2631
2630 2730
2631 2632
2631 2731
2632 2633
2632 2732
2633 2634
2633 2733
2634 2635
2634 2734
2635 2636
2635 2735
2636 2637
2636 2736
2637 2638
2637 2737
2638 2639
2638 2738
2639 2640
2639 2739
2640 2641
2640 2740
2641 2642
2641 2741
2642 2643
2642 2742
2643 2644
2643 2743
2644 2645
2644 2744
2645 2646
2645 2745
2646 2647
2646 2746
2647 2648
2647 2747
2648 2649
2648 2748
2649 2650
2649 2749
2650 2651
2650 2750
2651 2652
2651 2751
2652 2653
2652 2752
2653 2654
2653 2753
2654 2655
2654 2754
2655 2656
2655 2755
2656 2657
2656 2756
2657 2658
2657 2757
2658 2659
2658 2758
2659 2660
2659 2759
2660 2661
2660 2760
2661 2662
2661 2761
2662 2663
2662 2762
2663 2664
2663 2763
2664 2665
2664 2764
2665 2666
2665 2765
2666 2667
2666 2766
2667 2668
2667 2767
2668 2669
2668 2768
2669 2670
2669 2769
2670 2671
2670 2770
2671 2672
2671 2771
2672 2673
2672 2772
2673 2674
2673 2773
2674 2675
2674 2774
2675 2676
2675 2775
2676 2677
2676 2776
2677 2678
2677 2777
2678 2679
2678 2778
2679 2680
2679 2779
2680 2681
2680 2780
2681 2682
2681 2781
2682 2683
2682 2782
2683 2684
2683 2783
2684 2685
2684 2784
2685 2686
2685 2785
2686 2687
2686 2786
2687 2688
2687 2787
2688 2689
2688 2788
2689 2690
2689 2789
2690 2691
2690 2790
2691 2692
2691 2791
2692 2693
2692 2792
2693 2694
2693 2793
2694 2695
2694 2794
2695 2696
2695 2795
2696 2697
2696 2796
2697 2698
2697 2797
2698 2699
2698 2798
2699 2799
2700 2701
2700 2800
2701 2702
2701 2801
2702 2703
2702 2802
2703 2704
2703 2803
2704 2705
2704 2804
2705 2706
2705 2805
2706 2707
2706 2806
2707 2708
2707 2807
2708 2709
2708 2808
2709 2710
2709 2809
2710 2711
2710 2810
2711 2712
2711 2811
2712 2713
2712 2812
2713 2714
2713 2813
2714 2715
2714 2814
2715 2716
2715 2815
2716 2717
2716 2816
2717 2718
2717 2817
2718 2719
2718 2818
2719 2720
2719 2819
2720 2721
2720 2820
2721 2722
2721 2821
2722 2723
2722 2822
2723 2724
2723 2823
2724 2725
2724 2824
2725 2726
2725 2825
2726 2727
2726 2826
2727 2728
2727 2827
2728 2729
2728 2828
2729 2730
2729 2829
2730 2731
2730 2830
2731 2732
2731 2831
2732 2733
2732 2832
2733 2734
2733 2833
2734 2735
2734 2834
2735 2736
2735 2835
2736 2737
2736 2836
2737 2738
2737 2837
2738 2739
2738 2838
2739 2740
2739 2839
2740 2741
2740 2840
2741 2742
2741 2841
2742 2743
2742 2842
2743 2744
2743 2843
2744 2745
2744 2844
2745 2746
2745 2845
2746 2747
2746 2846
2747 2748
2747 2847
2748 2749
2748 2848
2749 2750
2749 2849
2750 2751
2750 2850
2751 2752
2751 2851
2752 2753
2752 2852
2753 2754
2753 2853
2754 2755
2754 2854
2755 2756
2755 2855
2756 2757
2756 2856
2757 2758
2757 2857
2758 2759
2758 2858
2759 2760
2759 2859
2760 2761
2760 2860
2761 2762
2761 2861
2762 2763
2762 2862
2763 2764
2763 2863
2764 2765
2764 2864
2765 2766
2765 2865
2766 2767
2766 2866
2767 2768
2767 2867
2768 2769
2768 2868
2769 2770
2769 2869
2770 2771
2770 2870
2771 2772
2771 2871
2772 2773
2772 2872
2773 2774
2773 2873
2774 2775
2774 2874
2775 2776
2775 2875
2776 2777
2776 2876
2777 2778
2777 2877
2778 2779
2778 2878
2779 2780
2779 2879
2780 2781
2780 2880
2781 2782
2781 2881
2782 2783
2782 2882
2783 2784
2783 2883
2784 2785
2784 2884
2785 2786
2785 2885
2786 2787
2786 2886
2787 2788
2787 2887
2788 2789
2788 2888
2789 2790
2789 2889
2790 2791
2790 2890
2791 2792
2791 2891
2792 2793
2792 2892
2793 2794
2793 2893
2794 2795
2794 2894
2795 2796
2795 2895
2796 2797
2796 2896
2797 2798
2797 2897
2798 2799
2798 2898
2799 2899
2800 2801
2800 2900
2801 2802
2801 2901
2802 2803
2802 2902
2803 2804
2803 2903
2804 2805
2804 2904
2805 2806
2805 2905
2806 2807
2806 2906
2807 2808
2807 2907
2808 2809
2808 2908
2809 2810
2809 2909
2810 2811
2810 2910
2811 2812
2811 2911
2812 2813
2812 2912
2813 2814
2813 2913
2814 2815
2814 2914
2815 2816
2815 2915
2816 2817
2816 2916
2817 2818
2817 2917
2818 2819
2818 2918
2819 2820
2819 2919
2820 2821
2820 2920
2821 2822
2821 2921
2822 2823
2822 2922
2823 2824
2823 2923
2824 2825
2824 2924
2825 2826
2825 2925
2826 2827
2826 2926
2827 2828
2827 2927
2828 2829
2828 2928
2829 2830
2829 2929
2830 2831
2830 2930
2831 2832
2831 2931
2832 2833
2832 2932
2833 2834
2833 2933
2834 2835
2834 2934
2835 2836
2835 2935
2836 2837
2836 2936
2837 2838
2837 2937
2838 2839
2838 2938
2839 2840
2839 2939
2840 2841
2840 2940
2841 2842
2841 2941
2842 2843
2842 2942
2843 2844
2843 2943
2844 2845
2844 2944
2845 2846
2845 2945
2846 2847
2846 2946
2847 2848
2847 2947
2848 2849
2848 2948
2849 2850
2849 2949
2850 2851
2850 2950
2851 2852
2851 2951
2852 2853
2852 2952
2853 2854
2853 2953
2854 2855
2854 2954
2855 2856
2855 2955
2856 2857
2856 2956
2857 2858
2857 2957
2858 2859
2858 2958
2859 2860
2859 2959
2860 2861
2860 2960
2861 2862
2861 2961
2862 2863
2862 2962
2863 2864
2863 2963
2864 2865
2864 2964
2865 2866
2865 2965
2866 2867
2866 2966
2867 2868
2867 2967
2868 2869
2868 2968
2869 2870
2869 2969
2870 2871
2870 2970
2871 2872
2871 2971
2872 2873
2872 2972
2873 2874
2873 2973
2874 2875
2874 2974
2875 2876
2875 2975
2876 2877
2876 2976
2877 2878
2877 2977
2878 2879
2878 2978
2879 2880
2879 2979
2880 2881
2880 2980
2881 2882
2881 2981
2882 2883
2882 2982
2883 2884
2883 2983
2884 2885
2884 2984
2885 2886
2885 2985
2886 2887
2886 2986
2887 2888
2887 2987
2888 2889
2888 2988
2889 2890
2889 2989
2890 2891
2890 2990
2891 2892
2891 2991
2892 2893
2892 2992
2893 2894
2893 2993
2894 2895
2894 2994
2895 2896
2895 2995
2896 2897
2896 2996
2897 2898
2897 2997
2898 2899
2898 2998
2899 2999
2900 2901
2900 3000
2901 2902
2901 3001
2902 2903
2902 3002
2903 2904
2903 3003
2904 2905
2904 3004
2905 2906
2905 3005
2906 2907
2906 3006
2907 2908
2907 3007
2908 2909
2908 3008
2909 2910
2909 3009
2910 2911
2910 3010
2911 2912
2911 3011
2912 2913
2912 3012
2913 2914
2913 3013
2914 2915
2914 3014
2915 2916
2915 3015
2916 2917
2916 3016
2917 2918
2917 3017
2918 2919
2918 3018
2919 2920
2919 3019
2920 2921
2920 3020
2921 2922
2921 3021
2922 2923
2922 3022
2923 2924
2923 3023
2924 2925
2924 3024
2925 2926
2925 3025
2926 2927
2926 3026
2927 2928
2927 3027
2928 2929
2928 3028
2929 2930
2929 3029
2930 2931
2930 3030
2931 2932
2931 3031
2932 2933
2932 3032
2933 2934
2933 3033
2934 2935
2934 3034
2935 2936
2935 3035
2936 2937
2936 3036
2937 2938
2937 3037
2938 2939
2938 3038
2939 2940
2939 3039
2940 2941
2940 3040
2941 2942
2941 3041
2942 2943
2942 3042
2943 2944
2943 3043
2944 2945
2944 3044
2945 2946
2945 3045
2946 2947
2946 3046
2947 2948
2947 3047
2948 2949
2948 3048
2949 2950
2949 3049
2950 2951
2950 3050
2951 2952
2951 3051
2952 2953
2952 3052
2953 2954
2953 3053
2954 2955
2954 3054
2955 2956
2955 3055
2956 2957
2956 3056
2957 2958
2957 3057
2958 2959
2958 3058
2959 2960
2959 3059
2960 2961
2960 3060
2961 2962
2961 3061
2962 2963
2962 3062
2963 2964
2963 3063
2964 2965
2964 3064
2965 2966
2965 3065
2966 2967
2966 3066
2967 2968
2967 3067
2968 2969
2968 3068
2969 2970
2969 3069
2970 2971
2970 3070
2971 2972
2971 3071
2972 2973
2972 3072
2973 2974
2973 3073
2974 2975
2974 3074
2975 2976
2975 3075
2976 2977
2976 3076
2977 2978
2977 3077
2978 2979
2978 3078
2979 2980
2979 3079
2980 2981
2980 3080
2981 2982
2981 3081
2982 2983
2982 3082
2983 2984
2983 3083
2984 2985
2984 3084
2985 2986
2985 3085
2986 2987
2986 3086
2987 2988
2987 3087
2988 2989
2988 3088
2989 2990
2989 3089
2990 2991
2990 3090
2991 2992
2991 3091
2992 2993
2992 3092
2993 2994
2993 3093
2994 2995
2994 3094
2995 2996
2995 3095
2996 2997
2996 3096
2997 2998
2997 3097
2998 2999
2998 3098
2999 3099
3000 3001
3000 3100
3001 3002
3001 3101
3002 3003
3002 3102
3003 3004
3003 3103
3004 3005
3004 3104
3005 3006
3005 3105
3006 3007
3006 3106
3007 3008
3007 3107
3008 3009
3008 3108
3009 3010
3009 3109
3010 3011
3010 3110
3011 3012
3011 3111
3012 3013
3012 3112
3013 3014
3013 3113
3014 3015
3014 3114
3015 3016
3015 3115
3016 3017
3016 3116
3017 3018
3017 3117
3018 3019
3018 3118
3019 3020
3019 3119
3020 3021
3020 3120
3021 3022
3021 3121
3022 3023
3022 3122
3023 3024
3023 3123
3024 3025
3024 3124
3025 3026
3025 3125
3026 3027
3026 3126
3027 3028
3027 3127
3028 3029
3028 3128
3029 3030
3029 3129
3030 3031
3030 3130
3031 3032
3031 3131
3032 3033
3032 3132
3033 3034
3033 3133
3034 3035
3034 3134
3035 3036
3035 3135
3036 3037
3036 3136
3037 3038
3037 3137
3038 3039
3038 3138
3039 3040
3039 3139
3040 3041
3040 3140
3041 3042
3041 3141
3042 3043
3042 3142
3043 3044
3043 3143
3044 3045
3044 3144
3045 3046
3045 3145
3046 3047
3046 3146
3047 3048
3047 3147
3048 3049
3048 3148
3049 3050
3049 3149
3050 3051
3050 3150
3051 3052
3051 3151
3052 3053
3052 3152
3053 3054
3053 3153
3054 3055
3054 3154
3055 3056
3055 3155
3056 3057
3056 3156
3057 3058
3057 3157
3058 3059
3058 3158
3059 3060
3059 3159
3060 3061
3060 3160
3061 3062
3061 3161
3062 3063
3062 3162
3063 3064
3063 3163
3064 3065
3064 3164
3065 3066
3065 3165
3066 3067
3066 3166
3067 3068
3067 3167
3068 3069
3068 3168
3069 3070
3069 3169
3070 3071
3070 3170
3071 3072
3071 3171
3072 3073
3072 3172
3073 3074
3073 3173
3074 3075
3074 3174
3075 3076
3075 3175
3076 3077
3076 3176
3077 3078
3077 3177
3078 3079
3078 3178
3079 3080
3079 3179
3080 3081
3080 3180
3081 3082
3081 3181
3082 3083
3082 3182
3083 3084
3083 3183
3084 3085
3084 3184
3085 3086
3085 3185
3086 3087
3086 3186
3087 3088
3087 3187
3088 3089
3088 3188
3089 3090
3089 3189
3090 3091
3090 3190
3091 3092
3091 3191
3092 3093
3092 3192
3093 3094
3093 3193
3094 3095
3094 3194
3095 3096
3095 3195
3096 3097
3096 3196
3097 3098
3097 3197
3098 3099
3098 3198
3099 3199
3100 3101
3100 3200
3101 3102
3101 3201
3102 3103
3102 3202
3103 3104
3103 3203
3104 3105
3104 3204
3105 3106
3105 3205
3106 3107
3106 3206
3107 3108
3107 3207
3108 3109
3108 3208
3109 3110
3109 3209
3110 3111
3110 3210
3111 3112
3111 3211
3112 3113
3112 3212
3113 3114
3113 3213
3114 3115
3114 3214
3115 3116
3115 3215
3116 3117
3116 3216
3117 3118
3117 3217
3118 3119
3118 3218
3119 3120
3119 3219
3120 3121
3120 3220
3121 3122
3121 3221
3122 3123
3122 3222
3123 3124
3123 3223
3124 3125
3124 3224
3125 3126
3125 3225
3126 3127
3126 3226
3127 3128
3127 3227
3128 3129
3128 3228
3129 3130
3129 3229
3130 3131
3130 3230
3131 3132
3131 3231
3132 3133
3132 3232
3133 3134
3133 3233
3134 3135
3134 3234
3135 3136
3135 3235
3136 3137
3136 3236
3137 3138
3137 3237
3138 3139
3138 3238
3139 3140
3139 3239
3140 3141
3140 3240
3141 3142
3141 3241
3142 3143
3142 3242
3143 3144
3143 3243
3144 3145
3144 3244
3145 3146
3145 3245
3146 3147
3146 3246
3147 3148
3147 3247
3148 3149
3148 3248
3149 3150
3149 3249
3150 3151
3150 3250
3151 3152
3151 3251
3152 3153
3152 3252
3153 3154
3153 3253
3154 3155
3154 3254
3155 3156
3155 3255
3156 3157
3156 3256
3157 3158
3157 3257
3158 3159
3158 3258
3159 3160
3159 3259
3160 3161
3160 3260
3161 3162
3161 3261
3162 3163
3162 3262
3163 3164
3163 3263
3164 3165
3164 3264
3165 3166
3165 3265
3166 3167
3166 3266
3167 3168
3167 3267
3168 3169
3168 3268
3169 3170
3169 3269
3170 3171
3170 3270
3171 3172
3171 3271
3172 3173
3172 3272
3173 3174
3173 3273
3174 3175
3174 3274
3175 3176
3175 3275
3176 3177
3176 3276
3177 3178
3177 3277
3178 3179
3178 3278
3179 3180
3179 3279
3180 3181
3180 3280
3181 3182
3181 3281
3182 3183
3182 3282
3183 3184
3183 3283
3184 3185
3184 3284
3185 3186
3185 3285
3186 3187
3186 3286
3187 3188
3187 3287
3188 3189
3188 3288
3189 3190
3189 3289
3190 3191
3190 3290
3191 3192
3191 3291
3192 3193
3192 3292
3193 3194
3193 3293
3194 3195
3194 3294
3195 3196
3195 3295
3196 3197
3196 3296
3197 3198
3197 3297
3198 3199
3198 3298
3199 3299
3200 3201
3200 3300
3201 3202
3201 3301
3202 3203
3202 3302
3203 3204
3203 3303
3204 3205
3204 3304
3205 3206
3205 3305
3206 3207
3206 3306
3207 3208
3207 3307
3208 3209
3208 3308
3209 3210
3209 3309
3210 3211
3210 3310
3211 3212
3211 3311
3212 3213
3212 3312
3213 3214
3213 3313
3214 3215
3214 3314
3215 3216
3215 3315
3216 3217
3216 3316
3217 3218
3217 3317
3218 3219
3218 3318
3219 3220
3219 3319
3220 3221
3220 3320
3221 3222
3221 3321
3222 3223
3222 3322
3223 3224
3223 3323
3224 3225
3224 3324
3225 3226
3225 3325
3226 3227
3226 3326
3227 3228
3227 3327
3228 3229
3228 3328
3229 3230
3229 3329
3230 3231
3230 3330
3231 3232
3231 3331
3232 3233
3232 3332
3233 3234
3233 3333
3234 3235
3234 3334
3235 3236
3235 3335
3236 3237
3236 3336
3237 3238
3237 3337
3238 3239
3238 3338
3239 3240
3239 3339
3240 3241
3240 3340
3241 3242
3241 3341
3242 3243
3242 3342
3243 3244
3243 3343
3244 3245
3244 3344
3245 3246
3245 3345
3246 3247
3246 3346
3247 3248
3247 3347
3248 3249
3248 3348
3249 3250
3249 3349
3250 3251
3250 3350
3251 3252
3251 3351
3252 3253
3252 3352
3253 3254
3253 3353
3254 3255
3254 3354
3255 3256
3255 3355
3256 3257
3256 3356
3257 3258
3257 3357
3258 3259
3258 3358
3259 3260
3259 3359
3260 3261
3260 3360
3261 3262
3261 3361
3262 3263
3262 3362
3263 3264
3263 3363
3264 3265
3264 3364
3265 3266
3265 3365
3266 3267
3266 3366
3267 3268
3267 3367
3268 3269
3268 3368
3269 3270
3269 3369
3270 3271
3270 3370
3271 3272
3271 3371
3272 3273
3272 3372
3273 3274
3273 3373
3274 3275
3274 3374
3275 3276
3275 3375
3276 3277
3276 3376
3277 3278
3277 3377
3278 3279
3278 3378
3279 3280
3279 3379
3280 3281
3280 3380
3281 3282
3281 3381
3282 3283
3282 3382
3283 3284
3283 3383
3284 3285
3284 3384
3285 3286
3285 3385
3286 3287
3286 3386
3287 3288
3287 3387
3288 3289
3288 3388
3289 3290
3289 3389
3290 3291
3290 3390
3291 3292
3291 3391
3292 3293
3292 3392
3293 3294
3293 3393
3294 3295
3294 3394
3295 3296
3295 3395
3296 3297
3296 3396
3297 3298
3297 3397
3298 3299
3298 3398
3299 3399
3300 3301
3300 3400
3301 3302
3301 3401
3302 3303
3302 3402
3303 3304
3303 3403
3304 3305
3304 3404
3305 3306
3305 3405
3306 3307
3306 3406
3307 3308
3307 3407
3308 3309
3308 3408
3309 3310
3309 3409
3310 3311
3310 3410
3311 3312
3311 3411
3312 3313
3312 3412
3313 3314
3313 3413
3314 3315
3314 3414
3315 3316
3315 3415
3316 3317
3316 3416
3317 3318
3317 3417
3318 3319
3318 3418
3319 3320
3319 3419
3320 3321
3320 3420
3321 3322
3321 3421
3322 3323
3322 3422
3323 3324
3323 3423
3324 3325
3324 3424
3325 3326
3325 3425
3326 3327
3326 3426
3327 3328
3327 3427
3328 3329
3328 3428
3329 3330
3329 3429
3330 3331
3330 3430
3331 3332
3331 3431
3332 3333
3332 3432
3333 3334
3333 3433
3334 3335
3334 3434
3335 3336
3335 3435
3336 3337
3336 3436
3337 3338
3337 3437
3338 3339
3338 3438
3339 3340
3339 3439
3340 3341
3340 3440
3341 3342
3341 3441
3342 3343
3342 3442
3343 3344
3343 3443
3344 3345
3344 3444
3345 3346
3345 3445
3346 3347
3346 3446
3347 3348
3347 3447
3348 3349
3348 3448
3349 3350
3349 3449
3350 3351
3350 3450
3351 3352
3351 3451
3352 3353
3352 3452
3353 3354
3353 3453
3354 3355
3354 3454
3355 3356
3355 3455
3356 3357
3356 3456
3357 3358
3357 3457
3358 3359
3358 3458
3359 3360
3359 3459
3360 3361
3360 3460
3361 3362
3361 3461
3362 3363
3362 3462
3363 3364
3363 3463
3364 3365
3364 3464
3365 3366
3365 3465
3366 3367
3366 3466
3367 3368
3367 3467
3368 3369
3368 3468
3369 3370
3369 3469
3370 3371
3370 3470
3371 3372
3371 3471
3372 3373
3372 3472
3373 3374
3373 3473
3374 3375
3374 3474
3375 3376
3375 3475
3376 3377
3376 3476
3377 3378
3377 3477
3378 3379
3378 3478
3379 3380
3379 3479
3380 3381
3380 3480
3381 3382
3381 3481
3382 3383
3382 3482
3383 3384
3383 3483
3384 3385
3384 3484
3385 3386
3385 3485
3386 3387
3386 3486
3387 3388
3387 3487
3388 3389
3388 3488
3389 3390
3389 3489
3390 3391
3390 3490
3391 3392
3391 3491
3392 3393
3392 3492
3393 3394
3393 3493
3394 3395
3394 3494
3395 3396
3395 3495
3396 3397
3396 3496
3397 3398
3397 3497
3398 3399
3398 3498
3399 3499
3400 3401
3400 3500
3401 3402
3401 3501
3402 3403
3402 3502
3403 3404
3403 3503
3404 3405
3404 3504
3405 3406
3405 3505
3406 3407
3406 3506
3407 3408
3407 3507
3408 3409
3408 3508
3409 3410
3409 3509
3410 3411
3410 3510
3411 3412
3411 3511
3412 3413
3412 3512
3413 3414
3413 3513
3414 3415
3414 3514
3415 3416
3415 3515
3416 3417
3416 3516
3417 3418
3417 3517
3418 3419
3418 3518
3419 3420
3419 3519
3420 3421
3420 3520
3421 3422
3421 3521
3422 3423
3422 3522
3423 3424
3423 3523
3424 3425
3424 3524
3425 3426
3425 3525
3426 3427
3426 3526
3427 3428
3427 3527
3428 3429
3428 3528
3429 3430
3429 3529
3430 3431
3430 3530
3431 3432
3431 3531
3432 3433
3432 3532
3433 3434
3433 3533
3434 3435
3434 3534
3435 3436
3435 3535
3436 3437
3436 3536
3437 3438
3437 3537
3438 3439
3438 3538
3439 3440
3439 3539
3440 3441
3440 3540
3441 3442
3441 3541
3442 3443
3442 3542
3443 3444
3443 3543
3444 3445
3444 3544
3445 3446
3445 3545
3446 3447
3446 3546
3447 3448
3447 3547
3448 3449
3448 3548
3449 3450
3449 3549
3450 3451
3450 3550
3451 3452
3451 3551
3452 3453
3452 3552
3453 3454
3453 3553
3454 3455
3454 3554
3455 3456
3455 3555
3456 3457
3456 3556
3457 3458
3457 3557
3458 3459
3458 3558
3459 3460
3459 3559
3460 3461
3460 3560
3461 3462
3461 3561
3462 3463
3462 3562
3463 3464
3463 3563
3464 3465
3464 3564
3465 3466
3465 3565
3466 3467
3466 3566
3467 3468
3467 3567
3468 3469
3468 3568
3469 3470
3469 3569
3470 3471
3470 3570
3471 3472
3471 3571
3472 3473
3472 3572
3473 3474
3473 3573
3474 3475
3474 3574
3475 3476
3475 3575
3476 3477
3476 3576
3477 3478
3477 3577
3478 3479
3478 3578
3479 3480
3479 3579
3480 3481
3480 3580
3481 3482
3481 3581
3482 3483
3482 3582
3483 3484
3483 3583
3484 3485
3484 3584
3485 3486
3485 3585
3486 3487
3486 3586
3487 3488
3487 3587
3488 3489
3488 3588
3489 3490
3489 3589
3490 3491
3490 3590
3491 3492
3491 3591
3492 3493
3492 3592
3493 3494
3493 3593
3494 3495
3494 3594
3495 3496
3495 3595
3496 3497
3496 3596
3497 3498
3497 3597
3498 3499
3498 3598
3499 3599
3500 3501
3500 3600
3501 3502
3501 3601
3502 3503
3502 3602
3503 3504
3503 3603
3504 3505
3504 3604
3505 3506
3505 3605
3506 3507
3506 3606
3507 3508
3507 3607
3508 3509
3508 3608
3509 3510
3509 3609
3510 3511
3510 3610
3511 3512
3511 3611
3512 3513
3512 3612
3513 3514
3513 3613
3514 3515
3514 3614
3515 3516
3515 3615
3516 3517
3516 3616
3517 3518
3517 3617
3518 3519
3518 3618
3519 3520
3519 3619
3520 3521
3520 3620
3521 3522
3521 3621
3522 3523
3522 3622
3523 3524
3523 3623
3524 3525
3524 3624
3525 3526
3525 3625
3526 3527
3526 3626
3527 3528
3527 3627
3528 3529
3528 3628
3529 3530
3529 3629
3530 3531
3530 3630
3531 3532
3531 3631
3532 3533
3532 3632
3533 3534
3533 3633
3534 3535
3534 3634
3535 3536
3535 3635
3536 3537
3536 3636
3537 3538
3537 3637
3538 3539
3538 3638
3539 3540
3539 3639
3540 3541
3540 3640
3541 3542
3541 3641
3542 3543
3542 3642
3543 3544
3543 3643
3544 3545
3544 3644
3545 3546
3545 3645
3546 3547
3546 3646
3547 3548
3547 3647
3548 3549
3548 3648
3549 3550
3549 3649
3550 3551
3550 3650
3551 3552
3551 3651
3552 3553
3552 3652
3553 3554
3553 3653
3554 3555
3554 3654
3555 3556
3555 3655
3556 3557
3556 3656
3557 3558
3557 3657
3558 3559
3558 3658
3559 3560
3559 3659
3560 3561
3560 3660
3561 3562
3561 3661
3562 3563
3562 3662
3563 3564
3563 3663
3564 3565
3564 3664
3565 3566
3565 3665
3566 3567
3566 3666
3567 3568
3567 3667
3568 3569
3568 3668
3569 3570
3569 3669
3570 3571
3570 3670
3571 3572
3571 3671
3572 3573
3572 3672
3573 3574
3573 3673
3574 3575
3574 3674
3575 3576
3575 3675
3576 3577
3576 3676
3577 3578
3577 3677
3578 3579
3578 3678
3579 3580
3579 3679
3580 3581
3580 3680
3581 3582
3581 3681
3582 3583
3582 3682
3583 3584
3583 3683
3584 3585
3584 3684
3585 3586
3585 3685
3586 3587
3586 3686
3587 3588
3587 3687
3588 3589
3588 3688
3589 3590
3589 3689
3590 3591
3590 3690
3591 3592
3591 3691
3592 3593
3592 3692
3593 3594
3593 3693
3594 3595
3594 3694
3595 3596
3595 3695
3596 3597
3596 3696
3597 3598
3597 3697
3598 3599
3598 3698
3599 3699
3600 3601
3600 3700
3601 3602
3601 3701
3602 3603
3602 3702
3603 3604
3603 3703
3604 3605
3604 3704
3605 3606
3605 3705
3606 3607
3606 3706
3607 3608
3607 3707
3608 3609
3608 3708
3609 3610
3609 3709
3610 3611
3610 3710
3611 3612
3611 3711
3612 3613
3612 3712
3613 3614
3613 3713
3614 3615
3614 3714
3615 3616
3615 3715
3616 3617
3616 3716
3617 3618
3617 3717
3618 3619
3618 3718
3619 3620
3619 3719
3620 3621
3620 3720
3621 3622
3621 3721
3622 3623
3622 3722
3623 3624
3623 3723
3624 3625
3624 3724
3625 3626
3625 3725
3626 3627
3626 3726
3627 3628
3627 3727
3628 3629
3628 3728
3629 3630
3629 3729
3630 3631
3630 3730
3631 3632
3631 3731
3632 3633
3632 3732
3633 3634
3633 3733
3634 3635
3634 3734
3635 3636
3635 3735
3636 3637
3636 3736
3637 3638
3637 3737
3638 3639
3638 3738
3639 3640
3639 3739
3640 3641
3640 3740
3641 3642
3641 3741
3642 3643
3642 3742
3643 3644
3643 3743
3644 3645
3644 3744
3645 3646
3645 3745
3646 3647
3646 3746
3647 3648
3647 3747
3648 3649
3648 3748
3649 3650
3649 3749
3650 3651
3650 3750
3651 3652
3651 3751
3652 3653
3652 3752
3653 3654
3653 3753
3654 3655
3654 3754
3655 3656
3655 3755
3656 3657
3656 3756
3657 3658
3657 3757
3658 3659
3658 3758
3659 3660
3659 3759
3660 3661
3660 3760
3661 3662
3661 3761
3662 3663
3662 3762
3663 3664
3663 3763
3664 3665
3664 3764
3665 3666
3665 3765
3666 3667
3666 3766
3667 3668
3667 3767
3668 3669
3668 3768
3669 3670
3669 3769
3670 3671
3670 3770
3671 3672
3671 3771
3672 3673
3672 3772
3673 3674
3673 3773
3674 3675
3674 3774
3675 3676
3675 3775
3676 3677
3676 3776
3677 3678
3677 3777
3678 3679
3678 3778
3679 3680
3679 3779
3680 3681
3680 3780
3681 3682
3681 3781
3682 3683
3682 3782
3683 3684
3683 3783
3684 3685
3684 3784
3685 3686
3685 3785
3686 3687
3686 3786
3687 3688
3687 3787
3688 3689
3688 3788
3689 3690
3689 3789
3690 3691
3690 3790
3691 3692
3691 3791
3692 3693
3692 3792
3693 3694
3693 3793
3694 3695
3694 3794
3695 3696
3695 3795
3696 3697
3696 3796
3697 3698
3697 3797
3698 3699
3698 3798
3699 3799
3700 3701
3700 3800
3701 3702
3701 3801
3702 3703
3702 3802
3703 3704
3703 3803
3704 3705
3704 3804
3705 3706
3705 3805
3706 3707
3706 3806
3707 3708
3707 3807
3708 3709
3708 3808
3709 3710
3709 3809
3710 3711
3710 3810
3711 3712
3711 3811
3712 3713
3712 3812
3713 3714
3713 3813
3714 3715
3714 3814
3715 3716
3715 3815
3716 3717
3716 3816
3717 3718
3717 3817
3718 3719
3718 3818
3719 3720
3719 3819
3720 3721
3720 3820
3721 3722
3721 3821
3722 3723
3722 3822
3723 3724
3723 3823
3724 3725
3724 3824
3725 3726
3725 3825
3726 3727
3726 3826
3727 3728
3727 3827
3728 3729
3728 3828
3729 3730
3729 3829
3730 3731
3730 3830
3731 3732
3731 3831
3732 3733
3732 3832
3733 3734
3733 3833
3734 3735
3734 3834
3735 3736
3735 3835
3736 3737
3736 3836
3737 3738
3737 3837
3738 3739
3738 3838
3739 3740
3739 3839
3740 3741
3740 3840
3741 3742
3741 3841
3742 3743
3742 3842
3743 3744
3743 3843
3744 3745
3744 3844
3745 3746
3745 3845
3746 3747
3746 3846
3747 3748
3747 3847
3748 3749
3748 3848
3749 3750
3749 3849
3750 3751
3750 3850
3751 3752
3751 3851
3752 3753
3752 3852
3753 3754
3753 3853
3754 3755
3754 3854
3755 3756
3755 3855
3756 3757
3756 3856
3757 3758
3757 3857
3758 3759
3758 3858
3759 3760
3759 3859
3760 3761
3760 3860
3761 3762
3761 3861
3762 3763
3762 3862
3763 3764
3763 3863
3764 3765
3764 3864
3765 3766
3765 3865
3766 3767
3766 3866
3767 3768
3767 3867
3768 3769
3768 3868
3769 3770
3769 3869
3770 3771
3770 3870
3771 3772
3771 3871
3772 3773
3772 3872
3773 3774
3773 3873
3774 3775
3774 3874
3775 3776
3775 3875
3776 3777
3776 3876
3777 3778
3777 3877
3778 3779
3778 3878
3779 3780
3779 3879
3780 3781
3780 3880
3781 3782
3781 3881
3782 3783
3782 3882
3783 3784
3783 3883
3784 3785
3784 3884
3785 3786
3785 3885
3786 3787
3786 3886
3787 3788
3787 3887
3788 3789
3788 3888
3789 3790
3789 3889
3790 3791
3790 3890
3791 3792
3791 3891
3792 3793
3792 3892
3793 3794
3793 3893
3794 3795
3794 3894
3795 3796
3795 3895
3796 3797
3796 3896
3797 3798
3797 3897
3798 3799
3798 3898
3799 3899
3800 3801
3800 3900
3801 3802
3801 3901
3802 3803
3802 3902
3803 3804
3803 3903
3804 3805
3804 3904
3805 3806
3805 3905
3806 3807
3806 3906
3807 3808
3807 3907
3808 3809
3808 3908
3809 3810
3809 3909
3810 3811
3810 3910
3811 3812
3811 3911
3812 3813
3812 3912
3813 3814
3813 3913
3814 3815
3814 3914
3815 3816
3815 3915
3816 3817
3816 3916
3817 3818
3817 3917
3818 3819
3818 3918
3819 3820
3819 3919
3820 3821
3820 3920
3821 3822
3821 3921
3822 3823
3822 3922
3823 3824
3823 3923
3824 3825
3824 3924
3825 3826
3825 3925
3826 3827
3826 3926
3827 3828
3827 3927
3828 3829
3828 3928
3829 3830
3829 3929
3830 3831
3830 3930
3831 3832
3831 3931
3832 3833
3832 3932
3833 3834
3833 3933
3834 3835
3834 3934
3835 3836
3835 3935
3836 3837
3836 3936
3837 3838
3837 3937
3838 3839
3838 3938
3839 3840
3839 3939
3840 3841
3840 3940
3841 3842
3841 3941
3842 3843
3842 3942
3843 3844
3843 3943
3844 3845
3844 3944
3845 3846
3845 3945
3846 3847
3846 3946
3847 3848
3847 3947
3848 3849
3848 3948
3849 3850
3849 3949
3850 3851
3850 3950
3851 3852
3851 3951
3852 3853
3852 3952
3853 3854
3853 3953
3854 3855
3854 3954
3855 3856
3855 3955
3856 3857
3856 3956
3857 3858
3857 3957
3858 3859
3858 3958
3859 3860
3859 3959
3860 3861
3860 3960
3861 3862
3861 3961
3862 3863
3862 3962
3863 3864
3863 3963
3864 3865
3864 3964
3865 3866
3865 3965
3866 3867
3866 3966
3867 3868
3867 3967
3868 3869
3868 3968
3869 3870
3869 3969
3870 3871
3870 3970
3871 3872
3871 3971
3872 3873
3872 3972
3873 3874
3873 3973
3874 3875
3874 3974
3875 3876
3875 3975
3876 3877
3876 3976
3877 3878
3877 3977
3878 3879
3878 3978
3879 3880
3879 3979
3880 3881
3880 3980
3881 3882
3881 3981
3882 3883
3882 3982
3883 3884
3883 3983
3884 3885
3884 3984
3885 3886
3885 3985
3886 3887
3886 3986
3887 3888
3887 3987
3888 3889
3888 3988
3889 3890
3889 3989
3890 3891
3890 3990
3891 3892
3891 3991
3892 3893
3892 3992
3893 3894
3893 3993
3894 3895
3894 3994
3895 3896
3895 3995
3896 3897
3896 3996
3897 3898
3897 3997
3898 3899
3898 3998
3899 3999
3900 3901
3900 4000
3901 3902
3901 4001
3902 3903
3902 4002
3903 3904
3903 4003
3904 3905
3904 4004
3905 3906
3905 4005
3906 3907
3906 4006
3907 3908
3907 4007
3908 3909
3908 4008
3909 3910
3909 4009
3910 3911
3910 4010
3911 3912
3911 4011
3912 3913
3912 4012
3913 3914
3913 4013
3914 3915
3914 4014
3915 3916
3915 4015
3916 3917
3916 4016
3917 3918
3917 4017
3918 3919
3918 4018
3919 3920
3919 4019
3920 3921
3920 4020
3921 3922
3921 4021
3922 3923
3922 4022
3923 3924
3923 4023
3924 3925
3924 4024
3925 3926
3925 4025
3926 3927
3926 4026
3927 3928
3927 4027
3928 3929
3928 4028
3929 3930
3929 4029
3930 3931
3930 4030
3931 3932
3931 4031
3932 3933
3932 4032
3933 3934
3933 4033
3934 3935
3934 4034
3935 3936
3935 4035
3936 3937
3936 4036
3937 3938
3937 4037
3938 3939
3938 4038
3939 3940
3939 4039
3940 3941
3940 4040
3941 3942
3941 4041
3942 3943
3942 4042
3943 3944
3943 4043
3944 3945
3944 4044
3945 3946
3945 4045
3946 3947
3946 4046
3947 3948
3947 4047
3948 3949
3948 4048
3949 3950
3949 4049
3950 3951
3950 4050
3951 3952
3951 4051
3952 3953
3952 4052
3953 3954
3953 4053
3954 3955
3954 4054
3955 3956
3955 4055
3956 3957
3956 4056
3957 3958
3957 4057
3958 3959
3958 4058
3959 3960
3959 4059
3960 3961
3960 4060
3961 3962
3961 4061
3962 3963
3962 4062
3963 3964
3963 4063
3964 3965
3964 4064
3965 3966
3965 4065
3966 3967
3966 4066
3967 3968
3967 4067
3968 3969
3968 4068
3969 3970
3969 4069
3970 3971
3970 4070
3971 3972
3971 4071
3972 3973
3972 4072
3973 3974
3973 4073
3974 3975
3974 4074
3975 3976
3975 4075
3976 3977
3976 4076
3977 3978
3977 4077
3978 3979
3978 4078
3979 3980
3979 4079
3980 3981
3980 4080
3981 3982
3981 4081
3982 3983
3982 4082
3983 3984
3983 4083
3984 3985
3984 4084
3985 3986
3985 4085
3986 3987
3986 4086
3987 3988
3987 4087
3988 3989
3988 4088
3989 3990
3989 4089
3990 3991
3990 4090
3991 3992
3991 4091
3992 3993
3992 4092
3993 3994
3993 4093
3994 3995
3994 4094
3995 3996
3995 4095
3996 3997
3996 4096
3997 3998
3997 4097
3998 3999
3998 4098
3999 4099
4000 4001
4000 4100
4001 4002
4001 4101
4002 4003
4002 4102
4003 4004
4003 4103
4004 4005
4004 4104
4005 4006
4005 4105
4006 4007
4006 4106
4007 4008
4007 4107
4008 4009
4008 4108
4009 4010
4009 4109
4010 4011
4010 4110
4011 4012
4011 4111
4012 4013
4012 4112
4013 4014
4013 4113
4014 4015
4014 4114
4015 4016
4015 4115
4016 4017
4016 4116
4017 4018
4017 4117
4018 4019
4018 4118
4019 4020
4019 4119
4020 4021
4020 4120
4021 4022
4021 4121
4022 4023
4022 4122
4023 4024
4023 4123
4024 4025
4024 4124
4025 4026
4025 4125
4026 4027
4026 4126
4027 4028
4027 4127
4028 4029
4028 4128
4029 4030
4029 4129
4030 4031
4030 4130
4031 4032
4031 4131
4032 4033
4032 4132
4033 4034
4033 4133
4034 4035
4034 4134
4035 4036
4035 4135
4036 4037
4036 4136
4037 4038
4037 4137
4038 4039
4038 4138
4039 4040
4039 4139
4040 4041
4040 4140
4041 4042
4041 4141
4042 4043
4042 4142
4043 4044
4043 4143
4044 4045
4044 4144
4045 4046
4045 4145
4046 4047
4046 4146
4047 4048
4047 4147
4048 4049
4048 4148
4049 4050
4049 4149
4050 4051
4050 4150
4051 4052
4051 4151
4052 4053
4052 4152
4053 4054
4053 4153
4054 4055
4054 4154
4055 4056
4055 4155
4056 4057
4056 4156
4057 4058
4057 4157
4058 4059
4058 4158
4059 4060
4059 4159
4060 4061
4060 4160
4061 4062
4061 4161
4062 4063
4062 4162
4063 4064
4063 4163
4064 4065
4064 4164
4065 4066
4065 4165
4066 4067
4066 4166
4067 4068
4067 4167
4068 4069
4068 4168
4069 4070
4069 4169
4070 4071
4070 4170
4071 4072
4071 4171
4072 4073
4072 4172
4073 4074
4073 4173
4074 4075
4074 4174
4075 4076
4075 4175
4076 4077
4076 4176
4077 4078
4077 4177
4078 4079
4078 4178
4079 4080
4079 4179
4080 4081
4080 4180
4081 4082
4081 4181
4082 4083
4082 4182
4083 4084
4083 4183
4084 4085
4084 4184
4085 4086
4085 4185
4086 4087
4086 4186
4087 4088
4087 4187
4088 4089
4088 4188
4089 4090
4089 4189
4090 4091
4090 4190
4091 4092
4091 4191
4092 4093
4092 4192
4093 4094
4093 4193
4094 4095
4094 4194
4095 4096
4095 4195
4096 4097
4096 4196
4097 4098
4097 4197
4098 4099
4098 4198
4099 4199
4100 4101
4100 4200
4101 4102
4101 4201
4102 4103
4102 4202
4103 4104
4103 4203
4104 4105
4104 4204
4105 4106
4105 4205
4106 4107
4106 4206
4107 4108
4107 4207
4108 4109
4108 4208
4109 4110
4109 4209
4110 4111
4110 4210
4111 4112
4111 4211
4112 4113
4112 4212
4113 4114
4113 4213
4114 4115
4114 4214
4115 4116
4115 4215
4116 4117
4116 4216
4117 4118
4117 4217
4118 4119
4118 4218
4119 4120
4119 4219
4120 4121
4120 4220
4121 4122
4121 4221
4122 4123
4122 4222
4123 4124
4123 4223
4124 4125
4124 4224
4125 4126
4125 4225
4126 4127
4126 4226
4127 4128
4127 4227
4128 4129
4128 4228
4129 4130
4129 4229
4130 4131
4130 4230
4131 4132
4131 4231
4132 4133
4132 4232
4133 4134
4133 4233
4134 4135
4134 4234
4135 4136
4135 4235
4136 4137
4136 4236
4137 4138
4137 4237
4138 4139
4138 4238
4139 4140
4139 4239
4140 4141
4140 4240
4141 4142
4141 4241
4142 4143
4142 4242
4143 4144
4143 4243
4144 4145
4144 4244
4145 4146
4145 4245
4146 4147
4146 4246
4147 4148
4147 4247
4148 4149
4148 4248
4149 4150
4149 4249
4150 4151
4150 4250
4151 4152
4151 4251
4152 4153
4152 4252
4153 4154
4153 4253
4154 4155
4154 4254
4155 4156
4155 4255
4156 4157
4156 4256
4157 4158
4157 4257
4158 4159
4158 4258
4159 4160
4159 4259
4160 4161
4160 4260
4161 4162
4161 4261
4162 4163
4162 4262
4163 4164
4163 4263
4164 4165
4164 4264
4165 4166
4165 4265
4166 4167
4166 4266
4167 4168
4167 4267
4168 4169
4168 4268
4169 4170
4169 4269
4170 4171
4170 4270
4171 4172
4171 4271
4172 4173
4172 4272
4173 4174
4173 4273
4174 4175
4174 4274
4175 4176
4175 4275
4176 4177
4176 4276
4177 4178
4177 4277
4178 4179
4178 4278
4179 4180
4179 4279
4180 4181
4180 4280
4181 4182
4181 4281
4182 4183
4182 4282
4183 4184
4183 4283
4184 4185
4184 4284
4185 4186
4185 4285
4186 4187
4186 4286
4187 4188
4187 4287
4188 4189
4188 4288
4189 4190
4189 4289
4190 4191
4190 4290
4191 4192
4191 4291
4192 4193
4192 4292
4193 4194
4193 4293
4194 4195
4194 4294
4195 4196
4195 4295
4196 4197
4196 4296
4197 4198
4197 4297
4198 4199
4198 4298
4199 4299
4200 4201
4200 4300
4201 4202
4201 4301
4202 4203
4202 4302
4203 4204
4203 4303
4204 4205
4204 4304
4205 4206
4205 4305
4206 4207
4206 4306
4207 4208
4207 4307
4208 4209
4208 4308
4209 4210
4209 4309
4210 4211
4210 4310
4211 4212
4211 4311
4212 4213
4212 4312
4213 4214
4213 4313
4214 4215
4214 4314
4215 4216
4215 4315
4216 4217
4216 4316
4217 4218
4217 4317
4218 4219
4218 4318
4219 4220
4219 4319
4220 4221
4220 4320
4221 4222
4221 4321
4222 4223
4222 4322
4223 4224
4223 4323
4224 4225
4224 4324
4225 4226
4225 4325
4226 4227
4226 4326
4227 4228
4227 4327
4228 4229
4228 4328
4229 4230
4229 4329
4230 4231
4230 4330
4231 4232
4231 4331
4232 4233
4232 4332
4233 4234
4233 4333
4234 4235
4234 4334
4235 4236
4235 4335
4236 4237
4236 4336
4237 4238
4237 4337
4238 4239
4238 4338
4239 4240
4239 4339
4240 4241
4240 4340
4241 4242
4241 4341
4242 4243
4242 4342
4243 4244
4243 4343
4244 4245
4244 4344
4245 4246
4245 4345
4246 4247
4246 4346
4247 4248
4247 4347
4248 4249
4248 4348
4249 4250
4249 4349
4250 4251
4250 4350
4251 4252
4251 4351
4252 4253
4252 4352
4253 4254
4253 4353
4254 4255
4254 4354
4255 4256
4255 4355
4256 4257
4256 4356
4257 4258
4257 4357
4258 4259
4258 4358
4259 4260
4259 4359
4260 4261
4260 4360
4261 4262
4261 4361
4262 4263
4262 4362
4263 4264
4263 4363
4264 4265
4264 4364
4265 4266
4265 4365
4266 4267
4266 4366
4267 4268
4267 4367
4268 4269
4268 4368
4269 4270
4269 4369
4270 4271
4270 4370
4271 4272
4271 4371
4272 4273
4272 4372
4273 4274
4273 4373
4274 4275
4274 4374
4275 4276
4275 4375
4276 4277
4276 4376
4277 4278
4277 4377
4278 4279
4278 4378
4279 4280
4279 4379
4280 4281
4280 4380
4281 4282
4281 4381
4282 4283
4282 4382
4283 4284
4283 4383
4284 4285
4284 4384
4285 4286
4285 4385
4286 4287
4286 4386
4287 4288
4287 4387
4288 4289
4288 4388
4289 4290
4289 4389
4290 4291
4290 4390
4291 4292
4291 4391
4292 4293
4292 4392
4293 4294
4293 4393
4294 4295
4294 4394
4295 4296
4295 4395
4296 4297
4296 4396
4297 4298
4297 4397
4298 4299
4298 4398
4299 4399
4300 4301
4300 4400
4301 4302
4301 4401
4302 4303
4302 4402
4303 4304
4303 4403
4304 4305
4304 4404
4305 4306
4305 4405
4306 4307
4306 4406
4307 4308
4307 4407
4308 4309
4308 4408
4309 4310
4309 4409
4310 4311
4310 4410
4311 4312
4311 4411
4312 4313
4312 4412
4313 4314
4313 4413
4314 4315
4314 4414
4315 4316
4315 4415
4316 4317
4316 4416
4317 4318
4317 4417
4318 4319
4318 4418
4319 4320
4319 4419
4320 4321
4320 4420
4321 4322
4321 4421
4322 4323
4322 4422
4323 4324
4323 4423
4324 4325
4324 4424
4325 4326
4325 4425
4326 4327
4326 4426
4327 4328
4327 4427
4328 4329
4328 4428
4329 4330
4329 4429
4330 4331
4330 4430
4331 4332
4331 4431
4332 4333
4332 4432
4333 4334
4333 4433
4334 4335
4334 4434
4335 4336
4335 4435
4336 4337
4336 4436
4337 4338
4337 4437
4338 4339
4338 4438
4339 4340
4339 4439
4340 4341
4340 4440
4341 4342
4341 4441
4342 4343
4342 4442
4343 4344
4343 4443
4344 4345
4344 4444
4345 4346
4345 4445
4346 4347
4346 4446
4347 4348
4347 4447
4348 4349
4348 4448
4349 4350
4349 4449
4350 4351
4350 4450
4351 4352
4351 4451
4352 4353
4352 4452
4353 4354
4353 4453
4354 4355
4354 4454
4355 4356
4355 4455
4356 4357
4356 4456
4357 4358
4357 4457
4358 4359
4358 4458
4359 4360
4359 4459
4360 4361
4360 4460
4361 4362
4361 4461
4362 4363
4362 4462
4363 4364
4363 4463
4364 4365
4364 4464
4365 4366
4365 4465
4366 4367
4366 4466
4367 4368
4367 4467
4368 4369
4368 4468
4369 4370
4369 4469
4370 4371
4370 4470
4371 4372
4371 4471
4372 4373
4372 4472
4373 4374
4373 4473
4374 4375
4374 4474
4375 4376
4375 4475
4376 4377
4376 4476
4377 4378
4377 4477
4378 4379
4378 4478
4379 4380
4379 4479
4380 4381
4380 4480
4381 4382
4381 4481
4382 4383
4382 4482
4383 4384
4383 4483
4384 4385
4384 4484
4385 4386
4385 4485
4386 4387
4386 4486
4387 4388
4387 4487
4388 4389
4388 4488
4389 4390
4389 4489
4390 4391
4390 4490
4391 4392
4391 4491
4392 4393
4392 4492
4393 4394
4393 4493
4394 4395
4394 4494
4395 4396
4395 4495
4396 4397
4396 4496
4397 4398
4397 4497
4398 4399
4398 4498
4399 4499
4400 4401
4400 4500
4401 4402
4401 4501
4402 4403
4402 4502
4403 4404
4403 4503
4404 4405
4404 4504
4405 4406
4405 4505
4406 4407
4406 4506
4407 4408
4407 4507
4408 4409
4408 4508
4409 4410
4409 4509
4410 4411
4410 4510
4411 4412
4411 4511
4412 4413
4412 4512
4413 4414
4413 4513
4414 4415
4414 4514
4415 4416
4415 4515
4416 4417
4416 4516
4417 4418
4417 4517
4418 4419
4418 4518
4419 4420
4419 4519
4420 4421
4420 4520
4421 4422
4421 4521
4422 4423
4422 4522
4423 4424
4423 4523
4424 4425
4424 4524
4425 4426
4425 4525
4426 4427
4426 4526
4427 4428
4427 4527
4428 4429
4428 4528
4429 4430
4429 4529
4430 4431
4430 4530
4431 4432
4431 4531
4432 4433
4432 4532
4433 4434
4433 4533
4434 4435
4434 4534
4435 4436
4435 4535
4436 4437
4436 4536
4437 4438
4437 4537
4438 4439
4438 4538
4439 4440
4439 4539
4440 4441
4440 4540
4441 4442
4441 4541
4442 4443
4442 4542
4443 4444
4443 4543
4444 4445
4444 4544
4445 4446
4445 4545
4446 4447
4446 4546
4447 4448
4447 4547
4448 4449
4448 4548
4449 4450
4449 4549
4450 4451
4450 4550
4451 4452
4451 4551
4452 4453
4452 4552
4453 4454
4453 4553
4454 4455
4454 4554
4455 4456
4455 4555
4456 4457
4456 4556
4457 4458
4457 4557
4458 4459
4458 4558
4459 4460
4459 4559
4460 4461
4460 4560
4461 4462
4461 4561
4462 4463
4462 4562
4463 4464
4463 4563
4464 4465
4464 4564
4465 4466
4465 4565
4466 4467
4466 4566
4467 4468
4467 4567
4468 4469
4468 4568
4469 4470
4469 4569
4470 4471
4470 4570
4471 4472
4471 4571
4472 4473
4472 4572
4473 4474
4473 4573
4474 4475
4474 4574
4475 4476
4475 4575
4476 4477
4476 4576
4477 4478
4477 4577
4478 4479
4478 4578
4479 4480
4479 4579
4480 4481
4480 4580
4481 4482
4481 4581
4482 4483
4482 4582
4483 4484
4483 4583
4484 4485
4484 4584
4485 4486
4485 4585
4486 4487
4486 4586
4487 4488
4487 4587
4488 4489
4488 4588
4489 4490
4489 4589
4490 4491
4490 4590
4491 4492
4491 4591
4492 4493
4492 4592
4493 4494
4493 4593
4494 4495
4494 4594
4495 4496
4495 4595
4496 4497
4496 4596
4497 4498
4497 4597
4498 4499
4498 4598
4499 4599
4500 4501
4500 4600
4501 4502
4501 4601
4502 4503
4502 4602
4503 4504
4503 4603
4504 4505
4504 4604
4505 4506
4505 4605
4506 4507
4506 4606
4507 4508
4507 4607
4508 4509
4508 4608
4509 4510
4509 4609
4510 4511
4510 4610
4511 4512
4511 4611
4512 4513
4512 4612
4513 4514
4513 4613
4514 4515
4514 4614
4515 4516
4515 4615
4516 4517
4516 4616
4517 4518
4517 4617
4518 4519
4518 4618
4519 4520
4519 4619
4520 4521
4520 4620
4521 4522
4521 4621
4522 4523
4522 4622
4523 4524
4523 4623
4524 4525
4524 4624
4525 4526
4525 4625
4526 4527
4526 4626
4527 4528
4527 4627
4528 4529
4528 4628
4529 4530
4529 4629
4530 4531
4530 4630
4531 4532
4531 4631
4532 4533
4532 4632
4533 4534
4533 4633
4534 4535
4534 4634
4535 4536
4535 4635
4536 4537
4536 4636
4537 4538
4537 4637
4538 4539
4538 4638
4539 4540
4539 4639
4540 4541
4540 4640
4541 4542
4541 4641
4542 4543
4542 4642
4543 4544
4543 4643
4544 4545
4544 4644
4545 4546
4545 4645
4546 4547
4546 4646
4547 4548
4547 4647
4548 4549
4548 4648
4549 4550
4549 4649
4550 4551
4550 4650
4551 4552
4551 4651
4552 4553
4552 4652
4553 4554
4553 4653
4554 4555
4554 4654
4555 4556
4555 4655
4556 4557
4556 4656
4557 4558
4557 4657
4558 4559
4558 4658
4559 4560
4559 4659
4560 4561
4560 4660
4561 4562
4561 4661
4562 4563
4562 4662
4563 4564
4563 4663
4564 4565
4564 4664
4565 4566
4565 4665
4566 4567
4566 4666
4567 4568
4567 4667
4568 4569
4568 4668
4569 4570
4569 4669
4570 4571
4570 4670
4571 4572
4571 4671
4572 4573
4572 4672
4573 4574
4573 4673
4574 4575
4574 4674
4575 4576
4575 4675
4576 4577
4576 4676
4577 4578
4577 4677
4578 4579
4578 4678
4579 4580
4579 4679
4580 4581
4580 4680
4581 4582
4581 4681
4582 4583
4582 4682
4583 4584
4583 4683
4584 4585
4584 4684
4585 4586
4585 4685
4586 4587
4586 4686
4587 4588
4587 4687
4588 4589
4588 4688
4589 4590
4589 4689
4590 4591
4590 4690
4591 4592
4591 4691
4592 4593
4592 4692
4593 4594
4593 4693
4594 4595
4594 4694
4595 4596
4595 4695
4596 4597
4596 4696
4597 4598
4597 4697
4598 4599
4598 4698
4599 4699
4600 4601
4600 4700
4601 4602
4601 4701
4602 4603
4602 4702
4603 4604
4603 4703
4604 4605
4604 4704
4605 4606
4605 4705
4606 4607
4606 4706
4607 4608
4607 4707
4608 4609
4608 4708
4609 4610
4609 4709
4610 4611
4610 4710
4611 4612
4611 4711
4612 4613
4612 4712
4613 4614
4613 4713
4614 4615
4614 4714
4615 4616
4615 4715
4616 4617
4616 4716
4617 4618
4617 4717
4618 4619
4618 4718
4619 4620
4619 4719
4620 4621
4620 4720
4621 4622
4621 4721
4622 4623
4622 4722
4623 4624
4623 4723
4624 4625
4624 4724
4625 4626
4625 4725
4626 4627
4626 4726
4627 4628
4627 4727
4628 4629
4628 4728
4629 4630
4629 4729
4630 4631
4630 4730
4631 4632
4631 4731
4632 4633
4632 4732
4633 4634
4633 4733
4634 4635
4634 4734
4635 4636
4635 4735
4636 4637
4636 4736
4637 4638
4637 4737
4638 4639
4638 4738
4639 4640
4639 4739
4640 4641
4640 4740
4641 4642
4641 4741
4642 4643
4642 4742
4643 4644
4643 4743
4644 4645
4644 4744
4645 4646
4645 4745
4646 4647
4646 4746
4647 4648
4647 4747
4648 4649
4648 4748
4649 4650
4649 4749
4650 4651
4650 4750
4651 4652
4651 4751
4652 4653
4652 4752
4653 4654
4653 4753
4654 4655
4654 4754
4655 4656
4655 4755
4656 4657
4656 4756
4657 4658
4657 4757
4658 4659
4658 4758
4659 4660
4659 4759
4660 4661
4660 4760
4661 4662
4661 4761
4662 4663
4662 4762
4663 4664
4663 4763
4664 4665
4664 4764
4665 4666
4665 4765
4666 4667
4666 4766
4667 4668
4667 4767
4668 4669
4668 4768
4669 4670
4669 4769
4670 4671
4670 4770
4671 4672
4671 4771
4672 4673
4672 4772
4673 4674
4673 4773
4674 4675
4674 4774
4675 4676
4675 4775
4676 4677
4676 4776
4677 4678
4677 4777
4678 4679
4678 4778
4679 4680
4679 4779
4680 4681
4680 4780
4681 4682
4681 4781
4682 4683
4682 4782
4683 4684
4683 4783
4684 4685
4684 4784
4685 4686
4685 4785
4686 4687
4686 4786
4687 4688
4687 4787
4688 4689
4688 4788
4689 4690
4689 4789
4690 4691
4690 4790
4691 4692
4691 4791
4692 4693
4692 4792
4693 4694
4693 4793
4694 4695
4694 4794
4695 4696
4695 4795
4696 4697
4696 4796
4697 4698
4697 4797
4698 4699
4698 4798
4699 4799
4700 4701
4700 4800
4701 4702
4701 4801
4702 4703
4702 4802
4703 4704
4703 4803
4704 4705
4704 4804
4705 4706
4705 4805
4706 4707
4706 4806
4707 4708
4707 4807
4708 4709
4708 4808
4709 4710
4709 4809
4710 4711
4710 4810
4711 4712
4711 4811
4712 4713
4712 4812
4713 4714
4713 4813
4714 4715
4714 4814
4715 4716
4715 4815
4716 4717
4716 4816
4717 4718
4717 4817
4718 4719
4718 4818
4719 4720
4719 4819
4720 4721
4720 4820
4721 4722
4721 4821
4722 4723
4722 4822
4723 4724
4723 4823
4724 4725
4724 4824
4725 4726
4725 4825
4726 4727
4726 4826
4727 4728
4727 4827
4728 4729
4728 4828
4729 4730
4729 4829
4730 4731
4730 4830
4731 4732
4731 4831
4732 4733
4732 4832
4733 4734
4733 4833
4734 4735
4734 4834
4735 4736
4735 4835
4736 4737
4736 4836
4737 4738
4737 4837
4738 4739
4738 4838
4739 4740
4739 4839
4740 4741
4740 4840
4741 4742
4741 4841
4742 4743
4742 4842
4743 4744
4743 4843
4744 4745
4744 4844
4745 4746
4745 4845
4746 4747
4746 4846
4747 4748
4747 4847
4748 4749
4748 4848
4749 4750
4749 4849
4750 4751
4750 4850
4751 4752
4751 4851
4752 4753
4752 4852
4753 4754
4753 4853
4754 4755
4754 4854
4755 4756
4755 4855
4756 4757
4756 4856
4757 4758
4757 4857
4758 4759
4758 4858
4759 4760
4759 4859
4760 4761
4760 4860
4761 4762
4761 4861
4762 4763
4762 4862
4763 4764
4763 4863
4764 4765
4764 4864
4765 4766
4765 4865
4766 4767
4766 4866
4767 4768
4767 4867
4768 4769
4768 4868
4769 4770
4769 4869
4770 4771
4770 4870
4771 4772
4771 4871
4772 4773
4772 4872
4773 4774
4773 4873
4774 4775
4774 4874
4775 4776
4775 4875
4776 4777
4776 4876
4777 4778
4777 4877
4778 4779
4778 4878
4779 4780
4779 4879
4780 4781
4780 4880
4781 4782
4781 4881
4782 4783
4782 4882
4783 4784
4783 4883
4784 4785
4784 4884
4785 4786
4785 4885
4786 4787
4786 4886
4787 4788
4787 4887
4788 4789
4788 4888
4789 4790
4789 4889
4790 4791
4790 4890
4791 4792
4791 4891
4792 4793
4792 4892
4793 4794
4793 4893
4794 4795
4794 4894
4795 4796
4795 4895
4796 4797
4796 4896
4797 4798
4797 4897
4798 4799
4798 4898
4799 4899
4800 4801
4800 4900
4801 4802
4801 4901
4802 4803
4802 4902
4803 4804
4803 4903
4804 4805
4804 4904
4805 4806
4805 4905
4806 4807
4806 4906
4807 4808
4807 4907
4808 4809
4808 4908
4809 4810
4809 4909
4810 4811
4810 4910
4811 4812
4811 4911
4812 4813
4812 4912
4813 4814
4813 4913
4814 4815
4814 4914
4815 4816
4815 4915
4816 4817
4816 4916
4817 4818
4817 4917
4818 4819
4818 4918
4819 4820
4819 4919
4820 4821
4820 4920
4821 4822
4821 4921
4822 4823
4822 4922
4823 4824
4823 4923
4824 4825
4824 4924
4825 4826
4825 4925
4826 4827
4826 4926
4827 4828
4827 4927
4828 4829
4828 4928
4829 4830
4829 4929
4830 4831
4830 4930
4831 4832
4831 4931
4832 4833
4832 4932
4833 4834
4833 4933
4834 4835
4834 4934
4835 4836
4835 4935
4836 4837
4836 4936
4837 4838
4837 4937
4838 4839
4838 4938
4839 4840
4839 4939
4840 4841
4840 4940
4841 4842
4841 4941
4842 4843
4842 4942
4843 4844
4843 4943
4844 4845
4844 4944
4845 4846
4845 4945
4846 4847
4846 4946
4847 4848
4847 4947
4848 4849
4848 4948
4849 4850
4849 4949
4850 4851
4850 4950
4851 4852
4851 4951
4852 4853
4852 4952
4853 4854
4853 4953
4854 4855
4854 4954
4855 4856
4855 4955
4856 4857
4856 4956
4857 4858
4857 4957
4858 4859
4858 4958
4859 4860
4859 4959
4860 4861
4860 4960
4861 4862
4861 4961
4862 4863
4862 4962
4863 4864
4863 4963
4864 4865
4864 4964
4865 4866
4865 4965
4866 4867
4866 4966
4867 4868
4867 4967
4868 4869
4868 4968
4869 4870
4869 4969
4870 4871
4870 4970
4871 4872
4871 4971
4872 4873
4872 4972
4873 4874
4873 4973
4874 4875
4874 4974
4875 4876
4875 4975
4876 4877
4876 4976
4877 4878
4877 4977
4878 4879
4878 4978
4879 4880
4879 4979
4880 4881
4880 4980
4881 4882
4881 4981
4882 4883
4882 4982
4883 4884
4883 4983
4884 4885
4884 4984
4885 4886
4885 4985
4886 4887
4886 4986
4887 4888
4887 4987
4888 4889
4888 4988
4889 4890
4889 4989
4890 4891
4890 4990
4891 4892
4891 4991
4892 4893
4892 4992
4893 4894
4893 4993
4894 4895
4894 4994
4895 4896
4895 4995
4896 4897
4896 4996
4897 4898
4897 4997
4898 4899
4898 4998
4899 4999
4900 4901
4901 4902
4902 4903
4903 4904
4904 4905
4905 4906
4906 4907
4907 4908
4908 4909
4909 4910
4910 4911
4911 4912
4912 4913
4913 4914
4914 4915
4915 4916
4916 4917
4917 4918
4918 4919
4919 4920
4920 4921
4921 4922
4922 4923
4923 4924
4924 4925
4925 4926
4926 4927
4927 4928
4928 4929
4929 4930
4930 4931
4931 4932
4932 4933
4933 4934
4934 4935
4935 4936
4936 4937
4937 4938
4938 4939
4939 4940
4940 4941
4941 4942
4942 4943
4943 4944
4944 4945
4945 4946
4946 4947
4947 4948
4948 4949
4949 4950
4950 4951
4951 4952
4952 4953
4953 4954
4954 4955
4955 4956
4956 4957
4957 4958
4958 4959
4959 4960
4960 4961
4961 4962
4962 4963
4963 4964
4964 4965
4965 4966
4966 4967
4967 4968
4968 4969
4969 4970
4970 4971
4971 4972
4972 4973
4973 4974
4974 4975
4975 4976
4976 4977
4977 4978
4978 4979
4979 4980
4980 4981
4981 4982
4982 4983
4983 4984
4984 4985
4985 4986
4986 4987
4987 4988
4988 4989
4989 4990
4990 4991
4991 4992
4992 4993
4993 4994
4994 4995
4995 4996
4996 4997
4997 4998
4998 4999
1 1201
1 1390
