999
418 703
518 63
73 203
332 57
885 466
423 782
641 48
292 161
893 424
170 949
758 909
988 651
722 857
145 501
86 866
77 236
650 847
597 424
729 243
762 773
214 14
925 498
205 578
838 914
316 328
550 212
344 940
84 770
701 413
103 980
451 194
367 776
817 418
888 611
412 449
593 187
108 329
584 298
912 29
787 322
603 836
887 611
64 886
146 690
652 46
825 762
530 596
691 876
827 901
497 209
709 767
154 335
382 772
780 79
992 794
993 37
266 65
826 284
546 828
899 381
895 567
20 170
408 664
153 804
445 813
71 280
890 521
573 823
858 871
578 75
977 814
429 310
5 223
440 403
295 213
770 602
209 620
639 576
625 995
441 214
223 165
482 170
998 701
26 327
615 440
465 545
251 714
420 437
643 992
207 173
681 734
775 228
415 476
202 482
233 896
474 759
43 616
368 324
802 903
203 227
840 667
732 460
70 139
178 733
690 1
327 625
962 305
417 477
746 567
492 728
771 878
831 183
42 140
235 737
794 422
490 425
985 404
980 417
237 640
331 877
820 897
519 660
969 62
17 45
334 112
507 911
975 741
359 228
990 638
645 290
657 349
313 488
419 176
116 921
185 660
738 662
630 65
257 992
459 115
193 823
458 541
726 762
648 872
697 674
397 518
211 498
581 656
95 406
986 107
574 926
814 5
495 783
394 841
670 189
824 848
162 681
376 558
907 142
400 205
781 386
665 805
778 243
679 98
511 796
580 568
222 944
854 565
649 271
563 551
565 430
107 957
707 583
457 484
126 719
142 369
588 630
525 602
99 943
127 657
416 735
485 438
228 627
513 241
634 414
56 855
210 234
291 278
30 371
172 54
360 421
186 555
958 500
761 68
849 134
629 709
728 904
128 478
470 698
683 841
894 343
301 468
556 719
866 910
378 461
199 720
935 985
389 380
837 42
720 180
321 445
503 467
437 492
785 734
760 608
373 586
104 516
902 223
568 946
491 581
859 840
627 459
340 578
253 390
702 559
50 691
613 813
252 395
435 656
384 835
833 267
195 157
964 785
335 984
453 264
39 905
330 934
595 405
250 346
483 810
97 248
44 378
220 123
374 202
204 465
644 445
398 876
706 22
862 740
13 83
54 272
618 780
753 319
601 407
28 698
989 850
217 922
609 857
395 634
768 388
224 231
663 969
137 630
259 363
404 924
171 267
260 484
229 130
959 978
243 740
592 0
944 53
311 547
910 121
542 406
942 246
60 386
848 566
767 62
554 946
444 73
467 208
792 19
983 507
909 665
918 705
236 288
318 191
559 157
256 766
150 338
161 102
535 615
931 385
620 397
290 471
114 159
168 163
610 92
786 242
713 104
164 283
268 497
515 376
662 247
782 276
117 74
930 447
297 655
196 303
710 344
68 581
569 692
901 348
898 25
430 949
289 31
723 574
773 579
812 103
496 654
955 220
721 865
995 0
218 961
801 481
129 350
783 965
891 344
231 235
447 683
553 245
314 497
336 390
759 953
587 544
200 771
666 974
271 572
659 372
808 748
829 156
411 786
863 173
317 845
708 644
558 309
113 570
873 42
379 357
69 613
719 525
74 919
668 761
19 357
319 361
49 336
789 408
678 995
174 903
8 419
700 670
57 405
725 244
851 675
89 546
76 986
370 198
454 678
143 109
818 990
267 647
640 777
614 240
579 482
333 554
539 575
281 255
828 562
151 78
737 288
872 358
505 768
602 689
937 253
675 758
22 963
487 701
247 177
6 439
571 975
322 215
947 67
920 921
551 690
72 792
589 19
79 683
473 597
636 459
91 710
714 613
776 789
272 839
309 64
10 59
864 637
749 747
364 90
246 89
93 67
591 527
4 870
547 105
426 158
946 451
960 412
479 322
536 962
900 4
845 214
877 431
3 531
456 713
87 435
387 631
971 805
96 363
442 923
280 152
263 212
908 732
698 561
466 592
147 162
832 237
576 444
240 102
425 476
433 423
345 177
533 543
481 774
83 441
534 437
216 658
427 588
633 526
326 887
788 129
696 820
358 831
406 139
658 15
647 751
132 520
501 364
883 966
264 172
124 696
477 186
88 888
463 234
109 326
815 694
763 839
167 853
549 306
25 779
293 85
508 980
197 184
371 454
90 495
638 755
929 319
970 556
347 195
913 66
81 172
979 359
138 13
965 280
98 939
880 435
201 434
125 452
306 240
432 775
157 527
860 302
51 563
450 688
187 856
258 135
626 18
194 772
32 906
917 956
687 643
555 466
594 456
24 36
179 443
836 189
409 147
428 50
537 837
765 948
33 773
752 510
532 11
478 718
356 217
961 776
63 849
346 821
230 703
23 70
793 98
421 16
16 544
724 40
688 828
529 829
323 47
53 508
500 401
65 104
254 499
270 257
853 367
617 295
522 455
510 394
130 833
669 68
29 686
446 269
283 818
886 824
757 162
92 571
847 342
926 227
363 598
957 854
560 517
642 329
797 706
769 577
354 456
369 541
844 352
361 337
695 728
598 684
796 408
686 474
661 489
329 924
47 207
308 641
66 393
667 561
448 410
339 128
55 634
653 599
874 971
14 555
557 422
521 87
325 321
903 692
968 138
299 818
600 637
745 17
987 460
31 817
288 519
835 289
189 524
881 847
884 144
307 239
504 480
607 202
756 247
488 722
843 33
999 84
856 369
362 309
772 115
916 651
102 682
682 565
118 12
897 233
583 123
914 790
850 242
78 800
184 996
62 316
424 137
528 263
541 266
674 51
304 293
385 688
705 64
889 89
475 96
608 799
819 38
460 557
46 12
12 14
15 684
111 971
401 63
934 112
516 896
693 325
956 225
972 933
624 131
527 636
924 627
572 862
449 845
160 763
245 836
436 375
35 686
984 37
750 600
967 396
741 594
841 30
664 371
948 812
526 781
575 270
730 653
18 298
512 388
506 392
310 229
846 645
357 15
350 71
392 219
177 225
976 120
300 714
941 440
140 256
405 599
265 998
439 559
635 556
631 677
355 557
239 766
489 185
413 519
544 394
871 885
112 206
52 512
136 626
11 931
262 6
680 817
963 621
410 699
232 726
343 359
372 983
991 148
800 307
302 258
562 328
148 672
803 870
135 213
225 965
212 449
294 793
684 134
806 856
656 130
282 969
499 997
386 956
951 5
655 505
226 963
699 720
921 783
190 90
166 775
156 260
377 389
320 551
399 478
865 741
813 824
452 652
953 848
733 432
287 730
911 744
155 929
141 607
685 349
621 26
131 961
38 789
830 765
755 26
734 451
855 417
748 229
736 487
305 716
274 367
611 511
34 22
269 487
799 305
175 427
952 991
296 273
438 671
739 53
85 907
790 524
950 623
651 415
165 355
543 962
692 137
40 650
67 667
716 664
275 321
348 337
514 988
751 678
163 635
21 492
940 594
966 94
244 727
100 778
80 895
875 754
486 502
476 125
58 732
298 560
567 474
548 722
938 475
747 161
711 176
261 600
922 458
249 11
328 751
375 938
133 183
9 217
982 981
279 850
811 126
509 146
520 891
582 336
502 95
868 252
915 738
472 457
677 34
928 142
469 523
176 239
238 983
735 496
498 233
61 922
59 427
596 463
604 21
766 696
2 695
791 573
383 763
892 933
414 348
286 461
904 171
159 752
182 954
284 947
754 911
422 820
923 786
352 272
285 16
731 653
315 540
798 271
493 990
605 121
932 768
221 643
742 470
590 695
464 909
149 774
822 339
82 141
396 877
471 171
561 621
994 45
834 77
586 864
208 574
337 211
974 230
119 646
949 327
388 401
37 654
538 444
861 821
381 108
219 661
115 858
671 931
779 509
612 469
973 874
380 511
480 543
981 895
906 290
717 545
676 160
402 572
823 361
784 523
727 953
144 268
1 118
431 354
997 788
303 716
869 918
455 943
324 342
927 477
122 957
494 891
945 975
540 608
183 215
403 180
673 950
105 709
27 277
774 450
120 770
351 324
660 925
524 350
206 588
867 308
672 230
523 38
75 727
919 175
943 317
795 537
234 638
188 345
278 532
242 441
743 479
41 649
764 100
213 777
616 748
468 191
215 794
704 174
870 431
545 303
101 333
939 636
777 833
878 591
227 755
712 593
276 430
954 495
718 886
45 216
484 259
839 316
134 566
338 663
407 582
393 199
443 75
110 917
390 20
842 554
366 420
896 592
341 938
807 200
123 185
816 9
36 590
996 767
106 685
517 546
646 244
876 354
531 596
570 475
810 782
312 852
552 972
703 211
248 560
564 127
461 413
94 793
173 13
804 198
48 425
434 718
191 865
882 834
821 644
606 58
566 625
462 967
740 30
365 208
654 276
809 827
342 471
180 382
744 20
139 129
181 192
637 397
933 640
349 124
857 146
192 958
623 226
158 220
391 393
241 906
905 568
277 423
599 124
619 920
689 927
198 855
585 206
936 103
852 221
632 300
353 657
715 368
694 73
169 79
622 984
273 750
879 788
7 260
255 279
121 679
577 976
978 210
805 927
628 87
152 516
